%%MatrixMarket matrix coordinate real general
38 38 1444                                        
1 1 0.23274182421605835
1 2 -0.3074592879636994
1 3 0.1538861090386707
1 4 -0.050201315461177884
1 5 0.5359095192304947
1 6 -0.2848142899564
1 7 0.07356739886056496
1 8 -0.01591180714463561
1 9 0.01677673956131034
1 10 -0.021991865132683433
1 11 -0.007001434467241715
1 12 -0.012914481391987134
1 13 -0.03427735207992103
1 14 0.025935892035434813
1 15 0.041517467342283905
1 16 0.06257103805618482
1 17 0.003858651685483198
1 18 0.025469102235614247
1 19 -0.055783739770675536
1 20 -0.05162321178184312
1 21 -0.027570581992996952
1 22 -0.05005782331741632
1 23 -0.1659401814918252
1 24 0.1724847054728395
1 25 0.1717817896700488
1 26 0.06817117523795897
1 27 -0.22509875885629832
1 28 -0.02493039923141085
1 29 -0.1447618325970029
1 30 0.1511187148095214
1 31 0.04232573852657073
1 32 -0.2578820067374177
1 33 -0.24212187836027022
1 34 0.13718062185993615
1 35 0.2768636841114898
1 36 -0.1406964250054984
1 37 0.058327535354382246
1 38 -0.028763119524713412
2 1 0.24210874142763847
2 2 -0.1828529460881114
2 3 0.05723227766005978
2 4 0.1883432495258975
2 5 0.15656207594649968
2 6 0.5096454616711217
2 7 -0.37220649260727556
2 8 0.04739012445107103
2 9 0.09485825076008891
2 10 -0.16281867680450546
2 11 0.044589806400874746
2 12 0.004230823679579157
2 13 -0.03247146245825051
2 14 -0.006255378605066173
2 15 -0.03277233227857043
2 16 0.0010053585342176315
2 17 -0.044990075083744085
2 18 0.16133396721853868
2 19 0.12491009366899386
2 20 0.028976858330348566
2 21 -0.12244531787431247
2 22 -0.009311531129008309
2 23 -0.011225139631709773
2 24 0.04459761237455977
2 25 0.02887591371403769
2 26 -0.08062663577763395
2 27 -0.1533100659678459
2 28 0.11294078721443508
2 29 0.05690119826425207
2 30 0.10182109301612492
2 31 0.29575894082987647
2 32 0.30747870076860845
2 33 0.023813639057889125
2 34 -0.16757278735103268
2 35 0.2629884056873614
2 36 0.07010789246222049
2 37 -0.012444723254593604
2 38 0.026402950484866593
3 1 0.5965719979798986
3 2 0.3219912941456819
3 3 -0.031294708601447195
3 4 -0.061187070833447356
3 5 0.0021066326938375597
3 6 -0.06741632148253485
3 7 0.0601794063417303
3 8 0.04528010263714308
3 9 -0.11807937567472238
3 10 -0.14712697240799114
3 11 0.03993856120250551
3 12 0.17708866319929373
3 13 0.013943379414184165
3 14 0.001266461442492292
3 15 -0.027825143304582065
3 16 -0.03454231542939261
3 17 -0.16982866452192039
3 18 -0.05439345875450284
3 19 -0.06650667149844677
3 20 0.09019967762087022
3 21 0.11964472369078066
3 22 -0.01965011692957512
3 23 -0.05568141316063562
3 24 -0.12443850607764538
3 25 0.055031726474265644
3 26 -0.05958294421222416
3 27 0.08036849554676544
3 28 -0.2195794217893129
3 29 0.12171718200834121
3 30 0.06153954222067496
3 31 -0.0015753721123011248
3 32 0.10058402710680503
3 33 -0.02010307577932201
3 34 -0.1567204812369564
3 35 0.010048987407943891
3 36 -0.12819740628037815
3 37 0.47337829920276264
3 38 -0.146841536728616
4 1 0.2918044178820265
4 2 0.01598682946157819
4 3 -0.00883341964304881
4 4 0.4653833189357088
4 5 -0.14084883833807543
4 6 -0.31384954816215627
4 7 -0.019751485344616557
4 8 0.21599909729102995
4 9 -0.05200193902540891
4 10 -0.21917406140177428
4 11 0.26019003320543665
4 12 0.14847060132718443
4 13 0.2073204700469987
4 14 -0.019978639505965536
4 15 0.021571877834058378
4 16 -0.01806297180881116
4 17 0.08293474471345906
4 18 -0.04869758455289008
4 19 -0.009000217924524757
4 20 -0.0269743978052902
4 21 -0.13885674981435972
4 22 -0.020342255731755167
4 23 0.0241411211245934
4 24 -0.023166961870247953
4 25 0.022389626006777776
4 26 0.006327266962078083
4 27 -0.013072009194982494
4 28 -0.0033245142903738497
4 29 0.2043757585028986
4 30 -0.1179904990156488
4 31 -0.12018022546747338
4 32 0.019601354889799985
4 33 -0.4094777833754414
4 34 -0.16143623346325522
4 35 -0.014264342046972736
4 36 0.10040882954102454
4 37 -0.2043424309607048
4 38 -0.0017950422983942387
5 1 0.1950398512041169
5 2 -0.2367923541211703
5 3 0.3272400934629337
5 4 -0.10086790029940089
5 5 -0.17049509861130352
5 6 0.04735462125831103
5 7 -0.27928474223407235
5 8 0.02117919521249835
5 9 -0.18855716138272458
5 10 0.36201571869176036
5 11 -0.05392734990145953
5 12 0.15022065818465408
5 13 -0.04437057583045746
5 14 -0.11420422778697159
5 15 -0.06110522314683753
5 16 0.09870848790370396
5 17 0.13797321672416435
5 18 0.046531152032093036
5 19 0.045600217295075365
5 20 0.14616715279141818
5 21 -0.27492816320368507
5 22 -0.03478810101366795
5 23 -0.013367452861841045
5 24 0.026918922052932316
5 25 -0.30670655340775577
5 26 -0.285541507452102
5 27 -0.03247791453069203
5 28 -0.1911037136746389
5 29 0.018889603795498026
5 30 0.1220617455518994
5 31 -0.010100192747534544
5 32 0.020569517451498646
5 33 -0.17108631347910425
5 34 0.2284559620670919
5 35 -0.13254750430116968
5 36 0.0403446776789922
5 37 0.061513136444307046
5 38 -0.050491008203203194
6 1 0.2616016929384437
6 2 -0.2341842043255591
6 3 0.022516245478557656
6 4 -0.02160569424367743
6 5 -0.06522571352477033
6 6 0.22666509807102392
6 7 0.6253765427856185
6 8 0.23082219796051978
6 9 0.028399342789239498
6 10 0.08136524815902897
6 11 -0.01745938910870286
6 12 0.02440069090608094
6 13 0.007601271947460919
6 14 0.02548145311471413
6 15 0.12491493630686784
6 16 0.11281698237191515
6 17 0.03756611544680706
6 18 0.18599239173738125
6 19 -0.02796611600919599
6 20 0.045888521721645745
6 21 -0.013648449298893986
6 22 -0.10151353770370218
6 23 -0.04878724464914004
6 24 -0.0078649272239054
6 25 -0.10671369160794103
6 26 -0.056032103188498675
6 27 0.013458482115776034
6 28 0.037749523540958355
6 29 0.0011809068151821026
6 30 0.057642438852508734
6 31 0.18229929347912452
6 32 0.029891841909622182
6 33 -0.02922506093910846
6 34 -0.1621844096435823
6 35 -0.18949186522436146
6 36 -0.37964810747764827
6 37 -0.15872111704781647
6 38 0.02401955225500515
7 1 0.2306234425873514
7 2 -0.03166497582285367
7 3 0.0070557479708153745
7 4 0.19120961953759333
7 5 0.07427156246050771
7 6 0.2243093272671134
7 7 -0.08198186088496821
7 8 -0.06634828923407138
7 9 -0.11180844287849279
7 10 -0.24778548806751557
7 11 -0.4285246477091201
7 12 -0.11331651864241388
7 13 0.1588288788908916
7 14 0.24534902478290133
7 15 -0.29213548511069976
7 16 0.05344889373358229
7 17 -0.20261389154904824
7 18 0.030241601874717767
7 19 0.3047893253104232
7 20 -0.11914212777574415
7 21 -0.2864347755372462
7 22 0.04298592455358206
7 23 0.033907279768538474
7 24 0.17984658148138938
7 25 0.08109698959936701
7 26 0.03881534902129615
7 27 0.1982446091983544
7 28 -0.0005251659605743459
7 29 0.0062962472489615185
7 30 -0.01603067660820581
7 31 -0.11439172828978747
7 32 -0.17833840564547662
7 33 -0.01187481868261891
7 34 0.01365787353382834
7 35 -0.17391657558976004
7 36 -0.09129753925801805
7 37 0.017944224308169523
7 38 -0.001115981980153286
8 1 0.4097649121208096
8 2 0.27348299013178295
8 3 -0.00432044015734201
8 4 -0.21773144602219088
8 5 0.028921530040204556
8 6 0.025279981557139855
8 7 -0.047417694590156545
8 8 -0.07522265196743987
8 9 -0.09456278300519204
8 10 -0.00673958531273301
8 11 -0.04227332153936912
8 12 0.2129650308385818
8 13 -0.14400486825290254
8 14 0.046374528574248015
8 15 0.05273861126700119
8 16 -0.11122870191842195
8 17 -0.33623736139949156
8 18 -0.018478928911645532
8 19 -0.10205297599696458
8 20 0.18418882766739406
8 21 -0.04871649286000433
8 22 0.03787102759193558
8 23 0.055263297123956896
8 24 0.0713222687415504
8 25 -0.1404832498466894
8 26 -0.023386858690970486
8 27 -0.21400713635408258
8 28 0.46502053792632975
8 29 -0.25191372644141363
8 30 -0.2274102777750613
8 31 -0.12351161839533426
8 32 0.06048179410650605
8 33 -0.10257032394894151
8 34 0.033857565587383974
8 35 -0.0671768401226836
8 36 -0.027426770958966316
8 37 -0.053754206459848464
8 38 -0.01999538177050812
9 1 0.16967703096449382
9 2 -0.01996640583654699
9 3 0.018916561502266498
9 4 0.31106484729481965
9 5 -0.07145855685282748
9 6 -0.04925663970367227
9 7 -0.08618136598486432
9 8 0.15490417459176978
9 9 0.23743208612426123
9 10 0.22035090865978674
9 11 -0.046862799380175686
9 12 -0.19800545855630072
9 13 -0.20013910268266535
9 14 -0.13104697105536872
9 15 0.1384912832524492
9 16 0.16927369875850184
9 17 -0.3331961391465663
9 18 0.009945077624707551
9 19 -0.335050312394133
9 20 -0.2114569807821043
9 21 -0.2564224585858302
9 22 0.18197109644742812
9 23 0.3303062198841372
9 24 -0.20617279915167708
9 25 0.18624228773397594
9 26 -0.10061556245528878
9 27 -0.0031805515577135813
9 28 -0.06367923278610635
9 29 -0.08474832259417828
9 30 0.02844534765132864
9 31 -0.0024189493761797797
9 32 -0.06863074471180179
9 33 0.0405449532106193
9 34 -0.013587663288325324
9 35 -0.010561755174638242
9 36 -0.02938342710300247
9 37 0.018167297300394115
9 38 -0.007816449168939163
10 1 0.18832075277787916
10 2 -0.2899346514338037
10 3 0.43491710351502155
10 4 -0.2219721485347891
10 5 -0.26812322657345755
10 6 -0.06442368072580631
10 7 -0.15936285754894147
10 8 0.02455173684915046
10 9 -0.127231237906534
10 10 0.14149099965205839
10 11 -0.017183673260793907
10 12 0.06589604616046822
10 13 0.174892149426134
10 14 -0.008158607408323849
10 15 -0.1403876748951898
10 16 0.04246799303690713
10 17 0.002065270195020152
10 18 0.0768944898178384
10 19 -0.030050039791336546
10 20 -0.12276542634138966
10 21 0.031950646878901985
10 22 -0.054880176266896154
10 23 0.17123192615583488
10 24 -0.026604231253160554
10 25 -0.17793235123533685
10 26 0.3393535913723377
10 27 -0.040343261201922706
10 28 -0.08529857270032158
10 29 -0.1095375813775122
10 30 -0.17628377507968415
10 31 -0.06672366792032475
10 32 -0.12639433179435217
10 33 0.14550746773235634
10 34 -0.31571850180774635
10 35 0.21732550851406499
10 36 -0.05049276416700061
10 37 -0.016364282429081084
10 38 -0.03034864075201056
11 1 0.16965012682657893
11 2 -0.17080418303413347
11 3 0.08545527210423942
11 4 -0.03156244027320887
11 5 0.5387435855192575
11 6 -0.2065878699563581
11 7 0.013422951771252429
11 8 -0.027639242785195438
11 9 -0.04345931266390372
11 10 0.055808272570695046
11 11 0.035965971729694374
11 12 0.02437350672460089
11 13 0.0752495773082483
11 14 -0.10816812777321234
11 15 -0.05092174848078007
11 16 0.016543808229735866
11 17 0.017562715655874393
11 18 -0.047223761633209106
11 19 0.1460316509473306
11 20 -0.06753607662728309
11 21 0.1812962574406394
11 22 0.1455609570682142
11 23 0.34602635426508765
11 24 -0.2051511684103222
11 25 -0.24705087996077027
11 26 0.005191096661610164
11 27 0.4085526577253359
11 28 0.25541886085427484
11 29 0.06145987713208569
11 30 0.06432526005918866
11 31 0.133902797928786
11 32 0.042947210486147316
11 33 -0.06538087268505484
11 34 0.04330295382760107
11 35 -0.002072369363734058
11 36 0.01923912197494141
11 37 0.014717496724084358
11 38 0.028465279103830503
12 1 0.17293267481029848
12 2 -0.11983255118762155
12 3 -0.014817788753249269
12 4 0.19661449555984084
12 5 0.0541154584276437
12 6 0.38640148048295764
12 7 -0.25977228416053066
12 8 0.019924440705482046
12 9 0.0025105937126191614
12 10 0.07690242067216715
12 11 0.3051798413566488
12 12 -0.01222284881927754
12 13 -0.0127489929697283
12 14 0.12571776976544716
12 15 0.29693332003199785
12 16 0.0576420254351493
12 17 0.06774418246716936
12 18 0.04865759928609753
12 19 -0.16660971628934856
12 20 -0.07756885390439558
12 21 0.25377095382369036
12 22 0.378252352528371
12 23 -0.10000756144010811
12 24 0.33743079195672115
12 25 -0.13786715489188936
12 26 0.09542655239677268
12 27 0.10842105046953401
12 28 0.010850953736264579
12 29 0.11911292369091644
12 30 -0.04256263103981808
12 31 -0.1605189864633597
12 32 -0.12409791900461706
12 33 0.017810095849842996
12 34 0.04119995536163111
12 35 -0.07640830259362145
12 36 -0.0940617597082654
12 37 0.060822179909261954
12 38 -0.02144714526511544
13 1 0.490025880835449
13 2 0.34858587948325437
13 3 -0.04535714689438602
13 4 -0.19086274269544892
13 5 0.014227224381116491
13 6 0.12462560510016195
13 7 0.07376738727759788
13 8 -0.03403740962885496
13 9 -0.1096675203916368
13 10 -0.029609808798650727
13 11 0.19263625328284503
13 12 0.1452943271478123
13 13 0.02509906693049283
13 14 0.0903577191074241
13 15 0.011777845688938903
13 16 0.0495250872944845
13 17 -0.27603100998233404
13 18 -0.06343699474520773
13 19 -0.012622701458741486
13 20 0.11532360068258728
13 21 -0.008390816314553481
13 22 0.021356490437343494
13 23 0.04373526727800901
13 24 -0.010158986450979405
13 25 -0.008364273368127282
13 26 0.17420761310939234
13 27 0.07398111253714673
13 28 -0.2781283111665934
13 29 0.07467238521459814
13 30 0.16681312658356445
13 31 0.18904767171361844
13 32 -0.13718922117418128
13 33 0.12619933277836343
13 34 0.1884513249669406
13 35 0.06715477056213397
13 36 0.14803963403991371
13 37 -0.34339993237748573
13 38 -0.04262066121174076
14 1 0.3023783947967078
14 2 0.07402327133259105
14 3 0.08716200637292633
14 4 0.2763493984632925
14 5 -0.0285722308874931
14 6 0.05951807634746394
14 7 0.13320751235832243
14 8 -0.5697715069312195
14 9 -0.20134185279028893
14 10 0.21397876224056425
14 11 0.007478594005741528
14 12 -0.09122685633646127
14 13 -0.023816957593285327
14 14 -0.0714369206046299
14 15 -0.016556900671001684
14 16 -0.01693428017825175
14 17 0.04431374326371753
14 18 0.06026113630656349
14 19 -0.016962447614962853
14 20 -0.014596186237492542
14 21 0.09080089683813257
14 22 -0.0597316883019614
14 23 -0.06098457646893243
14 24 -0.07075837628595208
14 25 0.08212934026011055
14 26 -0.005798487509536567
14 27 0.012219286709902225
14 28 0.08803179398339805
14 29 -0.0741007245123186
14 30 0.41349001674999675
14 31 -0.3181183099433282
14 32 0.09675262489383099
14 33 0.014457326701932827
14 34 -0.1663490241502326
14 35 0.025643153324712113
14 36 0.03813797644154246
14 37 -0.09888377266384694
14 38 0.05775335308101
15 1 0.2902697165476034
15 2 -0.3095628892696798
15 3 -0.03458345758139378
15 4 -0.022163495379629562
15 5 -0.026670042487183056
15 6 0.3318282122134793
15 7 0.5462347027373772
15 8 0.18329914684605425
15 9 -0.009056369126980927
15 10 0.050985856651335607
15 11 -0.06289255447691806
15 12 0.04907215890412003
15 13 0.016629682939081264
15 14 -0.004324820164380855
15 15 0.0651331353112808
15 16 0.12391601038806667
15 17 0.0551631473974348
15 18 0.06942065851833967
15 19 -0.020587516646617284
15 20 -0.05766210263666319
15 21 -0.027935099318239127
15 22 -0.058019214852604827
15 23 0.017725513205896062
15 24 0.04907818929241044
15 25 0.08275071678270085
15 26 0.06668370983372551
15 27 0.12081689978399654
15 28 0.022031073730601505
15 29 -0.10144809896603069
15 30 -0.14529729136637137
15 31 -0.14946035668598187
15 32 0.07486396909863816
15 33 -0.03911441220482601
15 34 0.13016311397048486
15 35 0.12043603051495544
15 36 0.42895714514592975
15 37 0.15905064016924453
15 38 -0.003939014343155047
16 1 0.23009195557375384
16 2 0.03164806436115372
16 3 -0.00075735670356369
16 4 0.45595863515607943
16 5 -0.09632349241153451
16 6 -0.33678097594052264
16 7 0.05078665325269773
16 8 0.2704768114869666
16 9 -0.041171825000957764
16 10 -0.18344387714770327
16 11 0.17905466630756076
16 12 0.15402474806730915
16 13 0.08497800024417893
16 14 -0.0335246355205147
16 15 -0.13244750545202108
16 16 -0.13095587517719456
16 17 0.18282873481129416
16 18 0.1709920824937066
16 19 -0.032648873686498554
16 20 0.07040367908628443
16 21 -0.12228310808436868
16 22 0.01993672408250278
16 23 0.01272332210831076
16 24 0.12840440060116673
16 25 -0.09113707479577449
16 26 -0.031097927163088002
16 27 0.014595370103878375
16 28 0.11024408129574784
16 29 -0.24686892737207672
16 30 0.13084351555679777
16 31 -0.00044016955670166124
16 32 -0.004322086156418888
16 33 0.40715358041098815
16 34 0.1747073124426685
16 35 0.02191208321473335
16 36 -0.03737666880316134
16 37 0.06807305749419347
16 38 0.04831613113797661
17 1 0.19410981980202366
17 2 -0.21093097084594323
17 3 -0.028055637276109956
17 4 0.11411747573304443
17 5 0.20994773042090273
17 6 0.41793826008884993
17 7 -0.24663042718271463
17 8 0.13987020012883805
17 9 -0.0008422275428843247
17 10 -0.20163683321860848
17 11 0.09253380113181736
17 12 0.037066461962583
17 13 -0.041553948256553994
17 14 -0.1812774427013288
17 15 -0.037451920576841456
17 16 -0.13387118019154276
17 17 0.12139396131418201
17 18 -0.023114139868104323
17 19 0.02102985232227739
17 20 0.04116794700315469
17 21 0.21834435190621493
17 22 -0.2880639153919836
17 23 0.045490728236414715
17 24 -0.42800310742960157
17 25 0.0811745888689307
17 26 0.031397547864265025
17 27 -0.12874846016683833
17 28 -0.0725346700036859
17 29 -0.14868853321914366
17 30 -0.055522822850415
17 31 -0.13734071065338413
17 32 -0.20707248986290222
17 33 0.018896904130348054
17 34 0.08944982297365917
17 35 -0.20016212833884248
17 36 -0.030076744850877114
17 37 -0.03664533887644052
17 38 -0.00609720477313561
18 1 0.19450820728559842
18 2 0.030635157023951323
18 3 0.07029702911743065
18 4 0.26182400525309824
18 5 -0.05884890374934347
18 6 0.06853229020086227
18 7 0.12794737092188752
18 8 -0.533033193468193
18 9 -0.19872992793388122
18 10 0.05123712939943249
18 11 0.22675811482139543
18 12 -0.03667795705858879
18 13 0.06718109123430353
18 14 0.030890440312796592
18 15 0.12788605354673677
18 16 0.1428869833412805
18 17 0.20229816213261173
18 18 -0.2966052669846915
18 19 0.09713176861224061
18 20 -0.13867792226981945
18 21 -0.21403933524266505
18 22 0.002738404435445685
18 23 -0.02397054456693057
18 24 -0.13335931245397206
18 25 0.05778676847737395
18 26 0.05401951965510233
18 27 -0.09663885984064624
18 28 0.05343304257538511
18 29 -0.029023392879555604
18 30 -0.30551762910059954
18 31 0.26588455545020306
18 32 -0.017818896080719026
18 33 0.0754719694104706
18 34 0.11516136941167093
18 35 -0.02512029821945618
18 36 -0.08183772350340865
18 37 0.10071463039905124
18 38 -0.011630695319072843
19 1 0.22518061186304575
19 2 -0.27283117033499715
19 3 0.3923460615360893
19 4 -0.16743902982910783
19 5 -0.2242708642028567
19 6 -0.0853157206878119
19 7 -0.05263594801836088
19 8 0.03889012854630325
19 9 -0.08962573987236033
19 10 -0.07087878427703721
19 11 0.017921650834832492
19 12 0.037343343330021886
19 13 -0.017862727172129826
19 14 -0.06754766113341198
19 15 -0.07257575096256502
19 16 -0.06471253403389451
19 17 -0.09199338613127468
19 18 -0.10631202613863122
19 19 -0.007078112639364651
19 20 -0.06531231814735043
19 21 0.19272374109396972
19 22 0.1654267978522737
19 23 -0.3189871672773506
19 24 -0.05112312492214221
19 25 0.3205919379041796
19 26 -0.42943177003661803
19 27 0.22979714744896015
19 28 0.11537141307320713
19 29 -0.020123939276047963
19 30 -0.11428924748583667
19 31 0.06529542005375863
19 32 -0.08848196778572877
19 33 0.0953656959334171
19 34 -0.030113171187889528
19 35 0.04068109327766387
19 36 0.03105677361904483
19 37 -0.12950791353041058
19 38 0.026473513367521295
20 1 0.182826719774432
20 2 -0.21244701189541232
20 3 0.10150856017003157
20 4 -0.046385896660249934
20 5 0.6401031424427693
20 6 -0.26376885514516607
20 7 -0.005681071374699302
20 8 -0.02126835668149079
20 9 -0.01428891321193087
20 10 0.08796581983258568
20 11 -0.015286522496948538
20 12 -0.01874501976874375
20 13 -0.041380024932504186
20 14 0.013605636306709482
20 15 0.04379565319856993
20 16 0.054087189384043804
20 17 -0.03826280105327256
20 18 0.018064017969820625
20 19 -0.05850844156204662
20 20 0.07024333015659288
20 21 -0.13138966437755928
20 22 -0.0273505109964613
20 23 -0.12451687304791433
20 24 0.073401786388842
20 25 0.03734222415165071
20 26 -0.021439731718603167
20 27 -0.12656988947533065
20 28 -0.18184943718305926
20 29 0.17773792354032844
20 30 -0.21469319363205067
20 31 -0.14237827305106554
20 32 0.2016922087837689
20 33 0.2942972349745168
20 34 -0.13470670558012643
20 35 -0.22736572216080267
20 36 0.09868515884290184
20 37 -0.09533589653093079
20 38 0.004101491476945308
21 1 0.24202230082748594
21 2 -0.4027699438623821
21 3 -0.3383847697962402
21 4 -0.157471784318962
21 5 -0.21543028757111654
21 6 -0.146851434613738
21 7 -0.08339511140089162
21 8 -0.06928122779165401
21 9 -0.0218108664143887
21 10 -0.0687663291795092
21 11 -0.08681503505879883
21 12 -0.036503493337699824
21 13 -0.0941563079637237
21 14 0.06300644126747243
21 15 0.08217044753187018
21 16 0.0359610192290941
21 17 0.012542285243983299
21 18 0.05396253528408888
21 19 -0.13999322771307268
21 20 0.07363058688942466
21 21 -0.14100594328297644
21 22 -0.11289004863213667
21 23 -0.09265957798615833
21 24 -0.1385135695831665
21 25 -0.06698999670817793
21 26 0.07789947595400554
21 27 -0.0719935857464371
21 28 0.33245790026229305
21 29 0.4280106580168004
21 30 0.1408325568351801
21 31 0.045458824047859774
21 32 -0.26126454199152227
21 33 0.13043342004470793
21 34 -0.019471229698743292
21 35 -0.023169647113540595
21 36 0.10800519345642437
21 37 0.08663677639064396
21 38 0.002866134321424925
22 1 0.15129299026714424
22 2 -0.23767273799178582
22 3 -0.4714251191131923
22 4 -0.1028627513094987
22 5 -0.1589258022033585
22 6 -0.1758580980779481
22 7 -0.1371044265545279
22 8 -0.12750698365899915
22 9 -0.13267307971185782
22 10 -0.1790046176751304
22 11 -0.11587096531066367
22 12 -0.010300456208339274
22 13 0.06362230645821883
22 14 -0.0861740653905605
22 15 0.15860892095535778
22 16 0.363929915349518
22 17 -0.01687890367231693
22 18 0.24890051644237465
22 19 0.15391622168056052
22 20 0.018634229870815668
22 21 0.1258625906862303
22 22 0.05758567167354874
22 23 0.0668402527889313
22 24 -0.10806610104894833
22 25 0.022993747032345687
22 26 -0.086503472446141
22 27 0.008071788349311737
22 28 -0.10491023600159331
22 29 -0.014806084207596455
22 30 -0.13535042878554418
22 31 -0.1796855530541835
22 32 0.20037663285848686
22 33 0.03675445579891741
22 34 0.19571210233104988
22 35 0.19557653524467508
22 36 -0.19579911572503297
22 37 -0.11474954776746192
22 38 -0.057116324308103636
23 1 0.16195820735077823
23 2 -0.32214289737216883
23 3 -0.3649114002219588
23 4 -0.00464373775212862
23 5 -0.01584855556691738
23 6 0.032348625477471714
23 7 -0.14207797704612904
23 8 -0.017119231138166567
23 9 0.06015629503008067
23 10 0.22569695044397803
23 11 0.10381547106191584
23 12 -0.10979811846896843
23 13 -0.07817117152753081
23 14 0.09226849692303675
23 15 -0.12610566765249026
23 16 -0.3639894247864976
23 17 -0.02367472758299118
23 18 -0.2431888151323655
23 19 -0.21653643160857183
23 20 0.08361235055364419
23 21 -0.17044919971122743
23 22 -0.27731238697836225
23 23 -0.0809610067963383
23 24 0.08362667660871348
23 25 0.02989477846175142
23 26 0.0966180530059204
23 27 0.37162851339690073
23 28 -0.047808018722635494
23 29 -0.06368927050922055
23 30 -0.08825385082183054
23 31 -0.037338889142951866
23 32 0.15881026918465196
23 33 -0.03917895239734468
23 34 0.058475915054181385
23 35 0.12954942714343765
23 36 -0.16614087625048085
23 37 -0.05471510297459935
23 38 -0.01135052228742038
24 1 0.13119690897318043
24 2 -0.00927276032396293
24 3 0.10119688011008333
24 4 0.08955310759512715
24 5 -0.04822119090343273
24 6 -0.005498119732298956
24 7 0.03543427077487673
24 8 -0.4048783202166642
24 9 0.5276275830269482
24 10 -0.1046892044013775
24 11 -0.014769359599108106
24 12 0.23250713980820645
24 13 0.003995266082116087
24 14 -0.01946153497916064
24 15 -0.017789310793204578
24 16 0.07585714740957457
24 17 0.021185920951003134
24 18 0.030353826634910604
24 19 -0.06723626103075178
24 20 0.08032805143077328
24 21 0.15708128172541505
24 22 -0.3341761832684411
24 23 0.30741314232350625
24 24 0.29839543002524677
24 25 -0.022961397787628256
24 26 -0.2635908499084748
24 27 0.05169288780799729
24 28 -0.05606797340440329
24 29 0.09661537523016092
24 30 -0.099211655308189
24 31 -0.0029803619710305905
24 32 -0.13062398768142744
24 33 0.039860817459819856
24 34 -0.009622382035494821
24 35 0.024656066036671417
24 36 0.005872528195532765
24 37 -0.00087085283022036
24 38 0.013348614196120307
25 1 0.12132352219321128
25 2 -0.1805027255741094
25 3 0.1601577923766834
25 4 -0.08250864536340698
25 5 -0.06823111664675599
25 6 -0.0506155107611549
25 7 0.16757543269785624
25 8 -0.10690104079747789
25 9 0.2194204005851105
25 10 -0.34117679682724467
25 11 0.09276765152916436
25 12 -0.3931316993467237
25 13 -0.203138888856621
25 14 0.16321633821209025
25 15 0.22936225158967652
25 16 -0.21885484109982317
25 17 0.036061940541121724
25 18 -0.11927252695588798
25 19 0.20636650116653354
25 20 0.28460983665961853
25 21 -0.14606832634895345
25 22 0.20974389986929481
25 23 0.04226203534043438
25 24 -0.12710132760521553
25 25 -0.2674581183894715
25 26 -0.10524835129940976
25 27 0.0013621776781587455
25 28 -0.15414299043386553
25 29 -0.11280134303964465
25 30 0.012365168175562371
25 31 -0.11364899594853521
25 32 -0.062342195002888984
25 33 0.0013267668836397207
25 34 -0.08770142176498677
25 35 0.09580194035697366
25 36 0.036186525306360816
25 37 -0.001207939801978522
25 38 -0.027913650974203036
26 1 0.14709244989163622
26 2 0.00958617396147496
26 3 0.06661387178967672
26 4 0.21563274313345476
26 5 -0.09731162152599734
26 6 -0.08647930955488548
26 7 -0.08687427078387507
26 8 0.19064206118204663
26 9 0.0029057643949781608
26 10 0.2293197498106184
26 11 -0.27631549841030106
26 12 0.22062540528693292
26 13 -0.379927318508035
26 14 -0.029571310100978607
26 15 0.20803216571099628
26 16 0.050648736610844826
26 17 0.1857351633142852
26 18 -0.21721169550513303
26 19 0.3472557208219241
26 20 0.3541984990970289
26 21 0.08576335624879508
26 22 0.05675652857401303
26 23 0.11908191013840135
26 24 0.08254764729858331
26 25 0.2831565045125073
26 26 0.21458234763509557
26 27 0.050005973333319596
26 28 0.02795321407767894
26 29 0.04111371379091018
26 30 -0.0019932176656810635
26 31 0.0159427771244579
26 32 -0.0203860550555424
26 33 0.03217317981109802
26 34 -0.054121484708340904
26 35 0.019619501551169767
26 36 -0.04015708399468711
26 37 -0.017232540424733125
26 38 0.019817299340649866
27 1 0.16639377114027293
27 2 -0.004807614656049552
27 3 -0.021463272604881938
27 4 0.003346632610434154
27 5 0.00511462377163248
27 6 0.09767681028616347
27 7 0.047335105918853725
27 8 -0.00014189736186980117
27 9 -0.13000923806297882
27 10 -0.3361282128185601
27 11 -0.40442900887487354
27 12 -0.10801433614505253
27 13 -0.012773312491492892
27 14 -0.3509204174051973
27 15 -0.148662103613791
27 16 0.11613908431906413
27 17 0.24457158649892355
27 18 -0.4030348654646379
27 19 -0.4228632482101026
27 20 0.05267751674601379
27 21 0.06381181577079813
27 22 0.14964781709797825
27 23 0.040786547247674235
27 24 0.15242708208795533
27 25 -0.1322661180117198
27 26 0.03945236889359619
27 27 -0.060036882049221856
27 28 -0.03867801101080462
27 29 -0.001448829034420048
27 30 0.04446000247700392
27 31 0.0524501540228912
27 32 0.0701974736764605
27 33 -1.6005710319818627e-05
27 34 -0.012045097866575597
27 35 0.010770478189410262
27 36 -0.00488132561753478
27 37 -0.08169668834444697
27 38 -0.0051476593486748925
28 1 0.18080088927525043
28 2 0.041795572616971456
28 3 0.017101041129136876
28 4 0.3535760165118952
28 5 -0.07914293129899969
28 6 -0.13529748510259343
28 7 -0.043479967705345665
28 8 0.21078624443748292
28 9 0.0914704122050276
28 10 0.12030156503151272
28 11 -0.14225369812386945
28 12 -0.20752724424491711
28 13 -0.02434750871810275
28 14 0.07827882932654355
28 15 0.08547605334455637
28 16 0.17847753389782237
28 17 -0.29288435823927167
28 18 -0.31381641859128356
28 19 0.1845403502322014
28 20 -0.21077690179841668
28 21 0.2870035444224407
28 22 -0.2886096038714965
28 23 -0.2510994655889847
28 24 0.01323806922419317
28 25 -0.3513244120724518
28 26 -0.03422110510077475
28 27 -0.08778318504561898
28 28 0.012725422095373909
28 29 -0.016383625010714643
28 30 0.008915491619334219
28 31 0.017821759291417983
28 32 0.03780663534442248
28 33 0.04908303610448561
28 34 0.04898384876616586
28 35 0.044009161199402916
28 36 0.05118361536634549
28 37 0.00022858599571211764
28 38 0.04215524719432521
29 1 0.22755324654274822
29 2 0.07998408173924562
29 3 0.019863990606610465
29 4 0.2974782146955317
29 5 -0.07018683506176454
29 6 -0.08445585747169203
29 7 0.08930516213754108
29 8 -0.10790959359796277
29 9 -0.032100475350590574
29 10 0.18094542742271874
29 11 -0.07976783826216248
29 12 -0.42119822300645116
29 13 -0.10306603417240784
29 14 -0.18523028625234716
29 15 -0.31917804396055294
29 16 -0.19522611903663384
29 17 -0.04817383966338339
29 18 0.39969562251990065
29 19 -0.014596870003104483
29 20 0.23422299461725274
29 21 0.23633349646761498
29 22 0.08130199409072927
29 23 -0.040885351739091504
29 24 0.03463785070664346
29 25 -0.009004266172167612
29 26 0.0882773409372449
29 27 -0.06463533996850894
29 28 -0.03762076574409151
29 29 0.11939616913347353
29 30 -0.23230619757965126
29 31 0.1647693919499284
29 32 -0.052274981932618654
29 33 -0.0872267356132452
29 34 0.09289737570131094
29 35 -0.010357233667873783
29 36 0.046140165899904544
29 37 0.001163954112138441
29 38 -0.07912089415025286
30 1 0.12152039842491116
30 2 -0.02731608252418278
30 3 0.02240205744382029
30 4 0.06624554724749815
30 5 0.015057070286730867
30 6 -0.015757542939202854
30 7 -0.08806141278085819
30 8 0.06731557784454262
30 9 0.015036680353552271
30 10 0.1949269268256099
30 11 -0.24344510458756732
30 12 -0.12809148931116518
30 13 0.5709099832882877
30 14 0.5033866603042828
30 15 0.13805406953573723
30 16 -0.058343934860921966
30 17 0.124759868157028
30 18 -0.0699234004393515
30 19 -0.19556733195110781
30 20 0.2725506335996172
30 21 0.15822201800461008
30 22 0.04263165608426335
30 23 0.13977001452808624
30 24 -0.1242451820171043
30 25 0.1209889325477631
30 26 -0.11955864777709488
30 27 -0.11945771803582775
30 28 0.023293417158272555
30 29 -0.05207988607383149
30 30 0.03168736249452981
30 31 0.060866570364257064
30 32 0.0397069368630003
30 33 0.007350050621892899
30 34 0.04126291577717251
30 35 1.1418758944862872e-06
30 36 0.03860965087790291
30 37 -0.006918304860311942
30 38 -0.017117237875564534
31 1 0.1697679734583278
31 2 -0.3578924918510089
31 3 -0.5409368070791278
31 4 -0.06994095501797462
31 5 -0.09010875854314583
31 6 -0.1973992866623574
31 7 -0.13196864553451465
31 8 -0.13256319615234566
31 9 -0.035112220434476454
31 10 0.024608810622638977
31 11 0.07695708753186792
31 12 0.03363325327909854
31 13 -0.0060732628724950435
31 14 -0.006034460778930753
31 15 -0.019116059044101998
31 16 0.05408062132096721
31 17 -0.03620613908469536
31 18 0.001358653418553649
31 19 0.07839283432973655
31 20 -0.022302807674974633
31 21 0.11760657193753996
31 22 0.09209732640167348
31 23 0.0162672883043874
31 24 0.15730814834341011
31 25 0.013358490017036739
31 26 -0.014887054125605773
31 27 -0.028612100213675638
31 28 -0.13682842294981612
31 29 -0.3765101270826535
31 30 0.06698006355731911
31 31 0.23897665587047667
31 32 -0.05306762913982454
31 33 -0.08609106506389298
31 34 -0.23827902815647056
31 35 -0.2582488229482467
31 36 0.1893641715261571
31 37 0.042381417840042485
31 38 0.03645425175028396
32 1 0.17966851838350612
32 2 0.08483707965697537
32 3 -0.006210330098252044
32 4 0.08480881715932745
32 5 0.00796496115442341
32 6 -0.08148649062882297
32 7 -0.016393298088363
32 8 -0.09870049635069672
32 9 0.029012091619408042
32 10 -0.059148026212686056
32 11 -0.2931758705343256
32 12 0.28051626463675716
32 13 -0.41517201749484395
32 14 0.45359337314994375
32 15 -0.05007802494954656
32 16 -0.1681250432229373
32 17 0.25244925960273334
32 18 0.18617653759225275
32 19 -0.16080718227158472
32 20 -0.356923731405639
32 21 0.08206826700389021
32 22 0.08633974458701783
32 23 -0.05773754464436998
32 24 -0.18731774772397902
32 25 -0.12048409221796005
32 26 -0.0018930949977295098
32 27 0.005100421762209846
32 28 -0.12635464708968583
32 29 -0.012399556108118815
32 30 -0.06074460047094115
32 31 0.06566283899343084
32 32 0.05533500983236064
32 33 -0.05371349508357351
32 34 0.030175630235749845
32 35 0.02223884487728904
32 36 0.031226979328429487
32 37 -0.06807515027538186
32 38 0.053113235232974905
33 1 0.17237777053803383
33 2 -0.3164255468765528
33 3 0.41786246287255097
33 4 -0.1876349298121242
33 5 -0.2810938406288218
33 6 -0.15993626184900742
33 7 -0.04501273284892568
33 8 -0.06330421986778516
33 9 0.1719760022585306
33 10 -0.22322409978396854
33 11 0.09472807743400094
33 12 -0.1146006785122817
33 13 -0.01468180834178907
33 14 0.06425067841293175
33 15 0.021000553369629592
33 16 -0.07166490402508974
33 17 -0.09631487536339788
33 18 -0.015823652408326044
33 19 0.003441300628143421
33 20 -0.13290237879843783
33 21 0.11338536064989516
33 22 -0.03456727324187411
33 23 0.11145741538287988
33 24 0.074792285728465
33 25 0.17465471660829854
33 26 0.3023439223528207
33 27 -0.08117082477769988
33 28 0.029969554059360096
33 29 0.051289104870012175
33 30 0.14622914334304157
33 31 0.02839418573513508
33 32 0.30973527161535863
33 33 -0.06544887229256328
33 34 0.23734108326915712
33 35 -0.25482038298091686
33 36 -0.028154952174928364
33 37 0.04064736575188769
33 38 0.029409301936079546
34 1 0.15645448623891056
34 2 -0.2396737344471983
34 3 -0.28693207652328034
34 4 -0.057427352697627776
34 5 -0.043042399746236505
34 6 0.08819824649764811
34 7 0.22772471312782694
34 8 0.04554738945957412
34 9 0.13914255380198184
34 10 0.22210405512817627
34 11 0.06416988157174591
34 12 0.16048968800627894
34 13 0.07945503111610569
34 14 -0.04247294368818066
34 15 -0.32544932826121464
34 16 -0.2888169988669301
34 17 -0.035512764491233736
34 18 -0.2556700712183508
34 19 0.23148274027744226
34 20 -0.19498675958157494
34 21 0.0640438296387147
34 22 0.2905668199992095
34 23 0.15610925823543503
34 24 0.014069112300260025
34 25 0.0031425210087382455
34 26 -0.11863675719740098
34 27 -0.3517568261681116
34 28 -0.03865277402884888
34 29 0.17654640227151136
34 30 0.035707713368396655
34 31 -0.11290626305280829
34 32 0.00931205207124833
34 33 0.060153239877540655
34 34 0.053480289160812974
34 35 0.06509416281290517
34 36 -0.07721709942005581
34 37 -0.01599992588545605
34 38 -0.003952147208623919
35 1 0.0773625697431834
35 2 -0.002860480465220915
35 3 0.00044738334142769735
35 4 0.06673879258203945
35 5 -0.008435425555130159
35 6 0.002196400212586207
35 7 -0.03611490043091274
35 8 -0.16336044838307034
35 9 0.6215571443466994
35 10 0.07406359162446906
35 11 -0.14389296737641952
35 12 0.26403549837653817
35 13 0.2522944042576425
35 14 -0.17917295141380019
35 15 -0.07286289154395456
35 16 0.09982755289400742
35 17 -0.024977088019602103
35 18 0.022090515703743742
35 19 0.0013603519279717375
35 20 0.12769419661645165
35 21 -0.10146329003459373
35 22 0.23311613092693365
35 23 -0.3971059322960957
35 24 -0.22968499944001536
35 25 -0.07694398777252791
35 26 0.22707875373241246
35 27 0.08751797933296747
35 28 0.012559780598995509
35 29 -0.08591095898945972
35 30 -0.0013368367205505568
35 31 -0.012049605625416486
35 32 0.0224068422582911
35 33 -0.027154865431047868
35 34 0.025188016759439366
35 35 -0.029595418865275107
35 36 -0.005013807175446428
35 37 -0.0020113208791280634
35 38 -0.010120542810902121
36 1 0.08873428008590369
36 2 0.03016057785800455
36 3 -0.01309112241311286
36 4 0.012827282425618664
36 5 -0.007677636116494876
36 6 -0.018762384168277607
36 7 -0.014689299266331803
36 8 -0.07367761064571952
36 9 -0.0844785557804471
36 10 0.0009805480411487761
36 11 -0.32391162711969057
36 12 0.07440479722286623
36 13 0.2397321202917203
36 14 -0.3533584170619752
36 15 0.5531621298636554
36 16 -0.524818533976385
36 17 -0.07061111206793255
36 18 0.11811415765077947
36 19 0.07803431846588846
36 20 -0.22079760564197254
36 21 -0.057946553085448965
36 22 -0.041144806761253525
36 23 -0.0029591471525725575
36 24 0.0895076625105631
36 25 -0.02923216628964152
36 26 0.0015524485813297358
36 27 0.014819787831650267
36 28 -0.07922016474537183
36 29 0.027898913578281438
36 30 -0.011701590529308605
36 31 0.0763361802807015
36 32 -0.02941088921310402
36 33 0.025188725579582585
36 34 0.022765939937226448
36 35 0.0020371201928526994
36 36 0.02099650146178305
36 37 -0.008251313857824391
36 38 -0.0014098472335895324
37 1 0.43346232114690625
37 2 0.3656945901346634
37 3 -0.06842883012330285
37 4 -0.273904186536275
37 5 0.010144082285178017
37 6 -0.03986740954836269
37 7 -0.10781024069649209
37 8 0.13438264204123504
37 9 0.24298849430933553
37 10 0.09739938419579768
37 11 0.028324070098631852
37 12 -0.24393710312532166
37 13 -0.0003043874497918029
37 14 -0.0286612769274814
37 15 0.0061925704866778964
37 16 0.045159598620429404
37 17 0.3723650430373702
37 18 0.013816338901978765
37 19 0.1322264397281557
37 20 -0.25159367423635587
37 21 -0.05512898276428697
37 22 -0.07318106633901018
37 23 -0.013898244899346997
37 24 0.07559948119793422
37 25 0.06595133621793549
37 26 -0.04146114363904573
37 27 0.023378491256009788
37 28 0.15064141445367882
37 29 -0.0611027790797641
37 30 0.04527678637995397
37 31 -0.021482678324266563
37 32 0.008641318519664461
37 33 0.03656428485609166
37 34 -0.04673042818018398
37 35 -0.05261188682366838
37 36 0.03522700640344912
37 37 -0.08824766131045844
37 38 -0.38817905215503623
38 1 0.5481789280442596
38 2 0.3946763995058408
38 3 -0.0810800144442371
38 4 -0.3405188032424578
38 5 -0.004728200054118878
38 6 -0.010197248565582148
38 7 -0.11134456498303115
38 8 0.10842422941401558
38 9 0.11839827318643206
38 10 0.07985548526682437
38 11 0.048086105324378764
38 12 -0.22969259554678775
38 13 0.06409657493788014
38 14 -0.07834780529933984
38 15 -0.010335207390573866
38 16 0.04752065251545626
38 17 0.20356042224258608
38 18 0.05011968583363764
38 19 0.059361540013469175
38 20 -0.04490631346089906
38 21 -0.05777869345050637
38 22 -0.007906318050949481
38 23 -0.006485166345605224
38 24 0.020302962620654917
38 25 0.039115045685187574
38 26 -0.017629443935764703
38 27 -0.0025680183782803997
38 28 -0.03565760952878118
38 29 0.026760958994663735
38 30 -0.06574854117119255
38 31 -0.03967924300953463
38 32 -0.031502133152142814
38 33 -0.03878121278462762
38 34 0.006439891653473737
38 35 0.020860490686300085
38 36 -0.03492035194877399
38 37 0.0608729162797683
38 38 0.48772043453767183
