%%MatrixMarket matrix coordinate real general
27 360 656                                        
1 1 0.18969488590341435
1 2 0.18969488590341435
1 3 0.18969488590341435
1 4 0.16014289672447335
1 5 0.24021434508671002
1 6 0.18969488590341435
1 7 0.24021434508671002
1 8 0.24021434508671002
1 9 0.12291179347050045
1 10 0.05910397835788201
1 11 0.12291179347050045
1 12 0.12291179347050045
1 13 0.05910397835788201
1 14 0.16014289672447335
1 15 0.17731193507364604
1 16 0.16014289672447335
1 17 0.16014289672447335
1 18 0.18969488590341435
1 19 0.24021434508671002
1 20 0.06544573063156063
1 21 0.16014289672447335
1 22 0.24021434508671002
1 23 0.18969488590341435
1 24 0.05910397835788201
1 25 0.16014289672447335
1 26 0.08007144836223667
1 27 0.24021434508671002
1 28 0.13917542672011868
1 29 0.16014289672447335
1 30 0.24021434508671002
1 31 0.24021434508671002
1 32 0.16014289672447335
2 10 0.04297723857176281
2 12 0.08937485458727133
2 33 0.17467096977194493
2 34 0.34934193954388987
2 35 0.137935932467178
2 36 0.17467096977194493
2 37 0.137935932467178
2 38 0.11644731318129661
2 39 0.17467096977194493
2 40 0.11644731318129661
2 41 0.17467096977194493
2 42 0.17467096977194493
2 43 0.17467096977194493
2 44 0.17467096977194493
2 45 0.137935932467178
2 46 0.10120089516241111
2 47 0.17467096977194493
2 48 0.08937485458727133
2 49 0.137935932467178
2 50 0.17467096977194493
2 51 0.08937485458727133
2 52 0.137935932467178
2 53 0.34934193954388987
2 54 0.11644731318129661
2 55 0.11644731318129661
2 56 0.137935932467178
2 57 0.137935932467178
2 58 0.137935932467178
2 59 0.11644731318129661
2 60 0.17467096977194493
2 61 0.137935932467178
2 62 0.06446585785764422
2 63 0.137935932467178
2 64 0.17467096977194493
2 65 0.34934193954388987
3 12 0.1644100209114633
3 13 0.07905902308798596
3 20 0.08754191634412466
3 21 0.10710565787005666
3 66 0.32131697361017
3 67 0.32131697361017
3 68 0.2537408272841063
3 69 0.32131697361017
3 70 0.18616468095804262
3 71 0.1644100209114633
3 72 0.21421131574011332
3 73 0.2537408272841063
3 74 0.32131697361017
3 75 0.21421131574011332
3 76 0.21421131574011332
3 77 0.32131697361017
3 78 0.32131697361017
4 26 0.11358926487706439
4 56 0.2691009477339439
4 62 0.12576725393944543
4 79 0.34076779463119317
4 80 0.17436252934847896
4 81 0.22717852975412878
4 82 0.22717852975412878
4 83 0.19743410083669466
4 84 0.2691009477339439
4 85 0.19743410083669466
4 86 0.19743410083669466
4 87 0.19743410083669466
4 88 0.34076779463119317
4 89 0.22717852975412878
4 90 0.22717852975412878
4 91 0.34076779463119317
4 92 0.2691009477339439
4 93 0.11358926487706439
5 20 0.09190763096311153
5 80 0.17260914724746435
5 92 0.2663948801695089
5 94 0.2663948801695089
5 95 0.2663948801695089
5 96 0.22489403222307033
5 97 0.33734104833460554
5 98 0.2663948801695089
5 99 0.22489403222307033
5 100 0.33734104833460554
5 101 0.2663948801695089
5 102 0.33734104833460554
5 103 0.22489403222307033
5 104 0.33734104833460554
6 9 0.17755485695478923
6 11 0.17755485695478923
6 13 0.08537991454262986
6 21 0.11566892125393893
6 82 0.23133784250787787
6 105 0.2010488357965688
6 106 0.3470067637618168
6 107 0.3470067637618168
6 108 0.3470067637618168
6 109 0.3470067637618168
6 110 0.3470067637618168
6 111 0.0769525068517267
6 112 0.3470067637618168
6 113 0.2010488357965688
6 114 0.23133784250787787
7 20 0.09558633743423461
7 24 0.08632393227951485
7 48 0.17951802282504445
7 83 0.20327176689211676
7 86 0.20327176689211676
7 89 0.23389566922520383
7 90 0.23389566922520383
7 111 0.0778033455033574
7 115 0.35084350383780577
7 116 0.27705763536496125
7 117 0.27705763536496125
7 118 0.35084350383780577
7 119 0.35084350383780577
7 120 0.27705763536496125
7 121 0.27705763536496125
7 122 0.27705763536496125
8 13 0.08245027879301
8 15 0.12367541818951501
8 26 0.111699980682368
8 28 0.194150259475378
8 51 0.1714624280827309
8 123 0.335099942047104
8 124 0.335099942047104
8 125 0.335099942047104
8 126 0.335099942047104
8 127 0.335099942047104
8 128 0.335099942047104
8 129 0.335099942047104
8 130 0.335099942047104
9 1 0.1408759195427975
9 9 0.09127980359274149
9 10 0.04389326185653571
9 13 0.04389326185653571
9 14 0.11892928861452964
9 16 0.11892928861452964
9 21 0.11892928861452964
9 24 0.04389326185653571
9 55 0.11892928861452964
9 111 0.03956078606840522
9 131 0.11892928861452964
9 132 0.1408759195427975
9 133 0.17839393292179448
9 134 0.35678786584358896
9 135 0.11892928861452964
9 136 0.17839393292179448
9 137 0.17839393292179448
9 138 0.11892928861452964
9 139 0.11892928861452964
9 140 0.17839393292179448
9 141 0.17839393292179448
9 142 0.10335790616380054
9 143 0.17839393292179448
9 144 0.5946464430726482
9 145 0.11892928861452964
9 146 0.17839393292179448
9 147 0.0730675533964443
9 148 0.17839393292179448
9 149 0.11892928861452964
9 150 0.1408759195427975
9 151 0.17839393292179448
10 10 0.033002759834356576
10 20 0.03654389755523707
10 24 0.033002759834356576
10 26 0.04471067520847471
10 38 0.17884270083389883
10 57 0.2118454606682554
10 82 0.08942135041694942
10 93 0.04471067520847471
10 116 0.1059227303341277
10 150 0.1059227303341277
10 152 0.1059227303341277
10 153 0.13413202562542414
10 154 0.13413202562542414
10 155 0.13413202562542414
10 156 0.13413202562542414
10 157 0.5365281025016966
10 158 0.1059227303341277
10 159 0.2682640512508483
10 160 0.4023960768762724
10 161 0.1059227303341277
10 162 0.13413202562542414
10 163 0.13413202562542414
10 164 0.08942135041694942
10 165 0.13413202562542414
10 166 0.13413202562542414
10 167 0.13413202562542414
10 168 0.06863207035158919
10 169 0.13413202562542414
10 170 0.13413202562542414
10 171 0.2682640512508483
10 172 0.1059227303341277
10 173 0.13413202562542414
10 174 0.13413202562542414
11 10 0.06393795067965387
11 51 0.26592890723122137
11 83 0.15055825033585116
11 84 0.2052095746522215
11 89 0.5197217979371838
11 120 0.2052095746522215
11 122 0.2052095746522215
11 175 0.2052095746522215
11 176 0.2052095746522215
11 177 0.2598608989685919
11 178 0.2052095746522215
11 179 0.2598608989685919
11 180 0.2598608989685919
11 181 0.2598608989685919
11 182 0.2052095746522215
11 183 0.2598608989685919
12 10 0.045748068643556905
12 11 0.0951370334284997
12 12 0.2854111002854991
12 32 0.12395490854723887
12 35 0.14682894286901732
12 37 0.14682894286901732
12 40 0.12395490854723887
12 46 0.10772552291717634
12 55 0.12395490854723887
12 63 0.14682894286901732
12 93 0.061977454273619434
12 121 0.14682894286901732
12 135 0.24790981709447774
12 142 0.10772552291717634
12 184 0.18593236282085832
12 185 0.18593236282085832
12 186 0.18593236282085832
12 187 0.14682894286901732
12 188 0.076155184349772
12 189 0.18593236282085832
12 190 0.14682894286901732
12 191 0.18593236282085832
12 192 0.18593236282085832
12 193 0.5577970884625749
12 194 0.12395490854723887
12 195 0.18593236282085832
12 196 0.18593236282085832
12 197 0.18593236282085832
13 13 0.08793681563991991
13 20 0.09737228032467829
13 26 0.1191328974509271
13 198 0.3573986923527813
13 199 0.3573986923527813
13 200 0.3573986923527813
13 201 0.3573986923527813
13 202 0.28223420272181415
13 203 0.3573986923527813
13 204 0.207069713090847
13 205 0.3573986923527813
13 206 0.28223420272181415
14 10 0.08266921056198548
14 13 0.16533842112397096
14 26 0.11199657973240532
14 75 0.22399315946481063
14 93 0.11199657973240532
14 164 0.22399315946481063
14 194 0.22399315946481063
14 207 0.335989739197216
14 208 0.335989739197216
14 209 0.335989739197216
14 210 0.335989739197216
14 211 0.335989739197216
14 212 0.335989739197216
14 213 0.335989739197216
15 9 0.05606697366926175
15 10 0.02696064474183524
15 11 0.05606697366926175
15 13 0.08088193422550573
15 20 0.029853474206817842
15 21 0.03652508567505891
15 24 0.02696064474183524
15 26 0.03652508567505891
15 28 0.06348573041689415
15 62 0.040440967112752864
15 70 0.06348573041689415
15 71 0.05606697366926175
15 73 0.08653049372103544
15 93 0.07305017135011782
15 103 0.07305017135011782
15 105 0.06348573041689415
15 111 0.024299499599371957
15 113 0.06348573041689415
15 114 0.07305017135011782
15 138 0.07305017135011782
15 139 0.07305017135011782
15 144 0.14610034270023564
15 149 0.4383010281007069
15 204 0.06348573041689415
15 214 0.08653049372103544
15 215 0.10957525702517673
15 216 0.3287257710755302
15 217 0.08653049372103544
15 218 0.08653049372103544
15 219 0.10957525702517673
15 220 0.08653049372103544
15 221 0.08653049372103544
15 222 0.10957525702517673
15 223 0.10957525702517673
15 224 0.10957525702517673
15 225 0.10957525702517673
15 226 0.10957525702517673
15 227 0.2595914811631063
15 228 0.08653049372103544
15 229 0.10957525702517673
15 230 0.5191829623262126
15 231 0.10957525702517673
15 232 0.08653049372103544
15 233 0.10957525702517673
15 234 0.08653049372103544
15 235 0.10957525702517673
15 236 0.10957525702517673
15 237 0.10957525702517673
15 238 0.10957525702517673
15 239 0.10957525702517673
15 240 0.10957525702517673
15 241 0.10957525702517673
16 10 0.052969194180577266
16 15 0.07945379127086591
16 17 0.1435206297260619
16 24 0.10593838836115453
16 38 0.1435206297260619
16 46 0.1247295090436082
16 48 0.1101539834763714
16 58 0.17000522681635052
16 61 0.17000522681635052
16 62 0.07945379127086591
16 80 0.1101539834763714
16 81 0.1435206297260619
16 85 0.1247295090436082
16 93 0.07176031486303094
16 96 0.1435206297260619
16 111 0.04774088027549065
16 131 0.43056188917818566
16 142 0.1247295090436082
16 175 0.17000522681635052
16 187 0.17000522681635052
16 188 0.08817593545009378
16 242 0.17000522681635052
16 243 0.21528094458909283
16 244 0.21528094458909283
16 245 0.21528094458909283
16 246 0.21528094458909283
16 247 0.17000522681635052
16 248 0.21528094458909283
16 249 0.21528094458909283
16 250 0.21528094458909283
16 251 0.17000522681635052
16 252 0.21528094458909283
16 253 0.21528094458909283
17 2 0.29119166429189597
17 6 0.29119166429189597
17 13 0.09072772701456412
17 21 0.12291390039230697
17 25 0.24582780078461394
17 70 0.2136416274068711
17 71 0.18867609177403036
17 111 0.08177246454426806
17 147 0.1510312234219975
17 168 0.18867609177403036
17 188 0.1510312234219975
17 254 0.29119166429189597
17 255 0.3687417011769209
17 256 0.3687417011769209
17 257 0.29119166429189597
17 258 0.3687417011769209
18 24 0.07403757740629133
18 62 0.11105636610943699
18 80 0.15396749383122865
18 85 0.17434040338961818
18 99 0.20060565196665373
18 101 0.23762444066979937
18 111 0.06672971287407652
18 168 0.15396749383122865
18 172 0.23762444066979937
18 259 0.3009084779499806
18 260 0.3009084779499806
18 261 0.23762444066979937
18 262 0.23762444066979937
18 263 0.3009084779499806
18 264 0.3009084779499806
18 265 0.3009084779499806
18 266 0.3009084779499806
18 267 0.3009084779499806
19 9 0.059985119132416595
19 10 0.028844743721425165
19 11 0.059985119132416595
19 13 0.05768948744285033
19 15 0.04326711558213775
19 20 0.03193973367237878
19 24 0.05768948744285033
19 26 0.039077579404670236
19 28 0.0679223231260954
19 51 0.059985119132416595
19 54 0.07815515880934047
19 59 0.07815515880934047
19 62 0.04326711558213775
19 75 0.07815515880934047
19 81 0.07815515880934047
19 87 0.0679223231260954
19 111 0.025997628959337923
19 132 0.09257753067005305
19 138 0.07815515880934047
19 139 0.07815515880934047
19 142 0.0679223231260954
19 144 0.3907757940467023
19 145 0.07815515880934047
19 147 0.04801681996112942
19 149 0.15631031761868094
19 161 0.09257753067005305
19 168 0.11997023826483319
19 176 0.09257753067005305
19 178 0.09257753067005305
19 194 0.07815515880934047
19 204 0.0679223231260954
19 214 0.09257753067005305
19 217 0.1851550613401061
19 218 0.09257753067005305
19 220 0.09257753067005305
19 227 0.09257753067005305
19 228 0.09257753067005305
19 230 0.5554651840203183
19 232 0.09257753067005305
19 234 0.09257753067005305
19 254 0.1851550613401061
19 268 0.11723273821401071
19 269 0.11723273821401071
19 270 0.11723273821401071
19 271 0.11723273821401071
19 272 0.11723273821401071
19 273 0.11723273821401071
19 274 0.11723273821401071
19 275 0.11723273821401071
19 276 0.11723273821401071
19 277 0.11723273821401071
19 278 0.09257753067005305
19 279 0.11723273821401071
19 280 0.11723273821401071
19 281 0.11723273821401071
19 282 0.11723273821401071
19 283 0.11723273821401071
19 284 0.11723273821401071
19 285 0.11723273821401071
20 4 0.17577870871557655
20 14 0.17577870871557655
20 20 0.07183563090628872
20 24 0.06487469134254883
20 29 0.17577870871557655
20 99 0.17577870871557655
20 103 0.17577870871557655
20 114 0.17577870871557655
20 147 0.10799459354929913
20 188 0.10799459354929913
20 202 0.20821605438685095
20 206 0.20821605438685095
20 286 0.2636680630733648
20 287 0.2636680630733648
20 288 0.2636680630733648
20 289 0.2636680630733648
20 290 0.2636680630733648
20 291 0.2636680630733648
20 292 0.2636680630733648
20 293 0.2636680630733648
20 294 0.2636680630733648
20 295 0.2636680630733648
21 15 0.11059303268990024
21 21 0.09988435693936175
21 51 0.15332513276798235
21 52 0.23663305810869023
21 54 0.1997687138787235
21 62 0.11059303268990024
21 87 0.17361304539929523
21 111 0.06645131275048356
21 147 0.12273352795023243
21 221 0.23663305810869023
21 242 0.23663305810869023
21 278 0.23663305810869023
21 296 0.29965307081808523
21 297 0.29965307081808523
21 298 0.5993061416361705
21 299 0.29965307081808523
22 48 0.31825803240996187
22 83 0.18018489608319216
22 86 0.18018489608319216
22 111 0.06896672341067168
22 131 0.20733064654285974
22 188 0.12737941396497132
22 204 0.18018489608319216
22 300 0.3109959698142896
22 301 0.3109959698142896
22 302 0.3109959698142896
22 303 0.3109959698142896
22 304 0.24559043294874086
22 305 0.3109959698142896
22 306 0.3109959698142896
22 307 0.3109959698142896
23 3 0.1568959992658808
23 4 0.13245364885436142
23 10 0.04888470082303881
23 15 0.07332705123455821
23 16 0.13245364885436142
23 17 0.13245364885436142
23 18 0.1568959992658808
23 20 0.05412994270363485
23 21 0.19868047328154212
23 23 0.1568959992658808
23 24 0.04888470082303881
23 29 0.13245364885436142
23 111 0.044059546032354624
23 135 0.13245364885436142
23 145 0.13245364885436142
23 188 0.0813766244880873
23 190 0.1568959992658808
23 262 0.1568959992658808
23 308 0.5960414198446263
23 309 0.19868047328154212
23 310 0.19868047328154212
23 311 0.19868047328154212
23 312 0.19868047328154212
23 313 0.19868047328154212
23 314 0.19868047328154212
23 315 0.19868047328154212
23 316 0.19868047328154212
23 317 0.19868047328154212
24 13 0.06392976313826125
24 15 0.09589464470739188
24 26 0.08660920753827145
24 46 0.15053897067653269
24 68 0.2051832966456735
24 71 0.13294742692088318
24 76 0.1732184150765429
24 105 0.15053897067653269
24 113 0.15053897067653269
24 147 0.10642160514282671
24 318 0.25982762261481435
24 319 0.25982762261481435
24 320 0.25982762261481435
24 321 0.25982762261481435
24 322 0.25982762261481435
24 323 0.25982762261481435
24 324 0.25982762261481435
24 325 0.5196552452296287
24 326 0.25982762261481435
25 12 0.14530384697826082
25 40 0.18931770746550114
25 48 0.14530384697826082
25 49 0.22425347393929077
25 86 0.32906077336065964
25 90 0.3786354149310023
25 93 0.09465885373275057
25 152 0.22425347393929077
25 164 0.18931770746550114
25 168 0.14530384697826082
25 182 0.22425347393929077
25 247 0.22425347393929077
25 327 0.2839765611982517
25 328 0.2839765611982517
25 329 0.2839765611982517
25 330 0.2839765611982517
25 331 0.2839765611982517
26 10 0.0468814460471135
26 13 0.0468814460471135
26 20 0.0519117422356775
26 21 0.06351290370976903
26 24 0.0468814460471135
26 25 0.12702580741953806
26 70 0.11039434975688253
26 71 0.09749398897058806
26 72 0.12702580741953806
26 76 0.12702580741953806
26 93 0.06351290370976903
26 105 0.11039434975688253
26 111 0.04225402212552081
26 113 0.11039434975688253
26 117 0.1504665304430948
26 147 0.0780418774422874
26 257 0.1504665304430948
26 332 0.1905387111293071
26 333 0.1905387111293071
26 334 0.5716161333879213
26 335 0.1905387111293071
26 336 0.1905387111293071
26 337 0.1905387111293071
26 338 0.1905387111293071
26 339 0.1905387111293071
26 340 0.1905387111293071
26 341 0.1905387111293071
26 342 0.1905387111293071
26 343 0.1905387111293071
26 344 0.1905387111293071
26 345 0.1905387111293071
26 346 0.1905387111293071
27 15 0.06263980717027264
27 24 0.04175987144684842
27 32 0.11314884321062102
27 45 0.13402877893404522
27 59 0.11314884321062102
27 62 0.06263980717027264
27 72 0.11314884321062102
27 80 0.08684323521421942
27 85 0.09833429305215893
27 87 0.09833429305215893
27 93 0.05657442160531051
27 94 0.13402877893404522
27 95 0.13402877893404522
27 96 0.11314884321062102
27 98 0.5361151157361809
27 111 0.037637971539973
27 158 0.13402877893404522
27 188 0.06951617418510238
27 251 0.13402877893404522
27 261 0.13402877893404522
27 304 0.13402877893404522
27 347 0.16972326481593153
27 348 0.16972326481593153
27 349 0.16972326481593153
27 350 0.16972326481593153
27 351 0.16972326481593153
27 352 0.16972326481593153
27 353 0.16972326481593153
27 354 0.16972326481593153
27 355 0.16972326481593153
27 356 0.16972326481593153
27 357 0.16972326481593153
27 358 0.16972326481593153
27 359 0.33944652963186306
27 360 0.16972326481593153
