%%MatrixMarket matrix coordinate real general
58 58 3364                                        
1 1 -0.23521326932737716
1 2 0.17033185655376734
1 3 -0.07871113124631623
1 4 0.010104471232265327
1 5 -0.017313072058753647
1 6 0.021231567032607805
1 7 -0.06374862663459685
1 8 0.5486003121133309
1 9 -0.1011760689481299
1 10 0.35922029651419973
1 11 -0.1296006133672965
1 12 0.021224321963047087
1 13 -0.03676076542392532
1 14 0.014745905300847049
1 15 0.04764928134818628
1 16 -0.032823121436068005
1 17 -0.06474275424589325
1 18 0.06237884354170713
1 19 0.05690095072850801
1 20 0.005093449031632858
1 21 0.04811542862148897
1 22 0.03882445854822787
1 23 0.04659504529090301
1 24 -0.012344102569070259
1 25 -0.07045630222578934
1 26 -0.052398728407795865
1 27 -0.017511885803935864
1 28 -0.05114354081320171
1 29 0.09758691010179697
1 30 0.04850697795582456
1 31 0.09515932692558546
1 32 0.01919853914772711
1 33 -0.02006443974560936
1 34 -0.19008413337494293
1 35 -0.05095063817792991
1 36 0.12626412647529445
1 37 0.14012509465683884
1 38 0.026232516477500644
1 39 0.1922271215941473
1 40 -0.11876648171391509
1 41 -0.08072708704177983
1 42 -0.04788125948601657
1 43 -0.026808257396226602
1 44 0.08085994421988794
1 45 0.018423262586732658
1 46 0.3604556896311676
1 47 -0.31361146253838473
1 48 0.028310141748953903
1 49 0.12877040552434632
1 50 -0.036074286865366484
1 51 -0.025506562672305968
1 52 -0.025223619068162662
1 53 0.01526715957658577
1 54 -0.020015136057545718
1 55 0.027953575404852212
1 56 0.00339445402446302
1 57 -0.013628614415967136
1 58 0.0008237146496425246
2 1 -0.22742609956488072
2 2 0.050636433722371144
2 3 -0.08726174521191442
2 4 -0.022517497421233577
2 5 0.02246097817509697
2 6 0.052260547620413614
2 7 0.42861867178652974
2 8 0.25195368781937283
2 9 0.13588693182360978
2 10 -0.24603346205780077
2 11 0.2381641083411951
2 12 -0.09818849831985109
2 13 0.10742829899623675
2 14 0.22736589738096954
2 15 -0.10873356194549733
2 16 -0.06374295468521954
2 17 -0.04124920287144167
2 18 -0.08041869459726644
2 19 -0.061081872389356404
2 20 0.03660664325909594
2 21 -0.1254795050039906
2 22 0.03177402756437926
2 23 -0.15327061893265656
2 24 0.07525639689615057
2 25 -0.06512619349894046
2 26 0.007037759175095497
2 27 0.05227960837594651
2 28 -0.13743024462542097
2 29 -0.06222276260583017
2 30 0.03445358471745699
2 31 0.0929296805478124
2 32 0.16792469401340512
2 33 0.0586935899662539
2 34 -0.15529745706441112
2 35 -0.03247501917219461
2 36 -0.10518156415753924
2 37 0.05534520984794042
2 38 0.11202164861044141
2 39 0.039180678133169944
2 40 0.1589602260680236
2 41 -0.2501494148768506
2 42 0.07385077007911889
2 43 0.16930039732517835
2 44 -0.06484995190106455
2 45 0.09242430169759386
2 46 -0.21985458736919922
2 47 -0.23172551149099238
2 48 0.08489723917042571
2 49 -0.06847563473715897
2 50 0.023384373518886566
2 51 0.041052904431775956
2 52 0.154525871403174
2 53 0.03362315085985483
2 54 0.04256036923694423
2 55 -0.01025294928428968
2 56 0.03023319323561401
2 57 0.006434671125605511
2 58 -0.012138998950813377
3 1 -0.4456938649485529
3 2 -0.3664709425569599
3 3 -0.0949114096147187
3 4 0.31663017451434883
3 5 0.07561708432028379
3 6 -0.12261203157996704
3 7 -0.09688668677720053
3 8 0.0018910483873818484
3 9 -0.02488157886434861
3 10 -0.028558062770646885
3 11 -0.06620592818480253
3 12 0.07525407325204822
3 13 0.02974547275489299
3 14 0.08977647253961792
3 15 0.011911860772539341
3 16 0.07259317248970278
3 17 0.03827159955903914
3 18 -0.002727336932715643
3 19 0.14168090583478693
3 20 -0.062430588567313074
3 21 0.12198755993380529
3 22 -0.014216683861028525
3 23 -0.10607548032326988
3 24 0.1287231052084901
3 25 0.0898176151883607
3 26 -0.24715298200653957
3 27 0.016434721025558784
3 28 0.10187874069707377
3 29 -0.1222579033033174
3 30 0.05263843475522997
3 31 -0.09582679843322986
3 32 -0.017055075584106814
3 33 0.027303008771994576
3 34 -0.0122010699569484
3 35 -0.10532944987344135
3 36 0.004275635117107098
3 37 -0.023261813684686165
3 38 -0.04649038083192674
3 39 0.00850389743117021
3 40 -0.011571960399974943
3 41 0.12968635991491398
3 42 -0.07802858586765195
3 43 0.03159211191120482
3 44 -0.16976171819020777
3 45 -0.03359735188798221
3 46 -0.13886014053753998
3 47 -0.09438789987035948
3 48 0.08105461653155728
3 49 0.1099486494494428
3 50 -0.41953737071670033
3 51 0.019430390811495044
3 52 -0.02408872015734407
3 53 -0.01924601221035414
3 54 -0.005854634134641306
3 55 -0.019591731669369374
3 56 0.17148378960673288
3 57 0.03546596154968163
3 58 0.04931855613174352
4 1 -0.3015867184321142
4 2 -0.18097745820723016
4 3 0.0881282422206387
4 4 -0.22389443280890559
4 5 0.03734386823031544
4 6 0.12785336129299538
4 7 -0.22333383582593558
4 8 0.10197466517620957
4 9 0.026813481721268295
4 10 -0.24178560373990907
4 11 -0.18078267379999363
4 12 0.09796748087779872
4 13 0.17709645327642645
4 14 0.011426915458904428
4 15 -0.012595015225397112
4 16 -0.03228552302725797
4 17 -0.012336366841612535
4 18 0.16703738773185814
4 19 -0.012730140869302867
4 20 -0.04352603022554428
4 21 0.008383338870976278
4 22 -0.11060481793423947
4 23 -0.13228628138585677
4 24 0.09978926128139969
4 25 -0.017410204432206824
4 26 -0.24148483587249353
4 27 -0.14660854598761672
4 28 0.14120424539496915
4 29 0.023468731378076403
4 30 0.12201394294238754
4 31 -0.14059166342995774
4 32 -0.0076550558249694105
4 33 -0.05392276300269371
4 34 0.030660312224276745
4 35 -0.3329540559159073
4 36 0.11757293439613524
4 37 0.11277025927833723
4 38 0.06154203538987185
4 39 -0.15897765319399268
4 40 0.31197567271930937
4 41 -0.13535793141013538
4 42 -0.14447560335309195
4 43 -0.0794234224623628
4 44 0.21557082987865914
4 45 -0.024685911031071518
4 46 0.03060384529334893
4 47 0.064614136250179
4 48 -0.06816759890395316
4 49 0.00034523849019702695
4 50 0.1132570430659869
4 51 -0.08883836447636823
4 52 0.07174379681248204
4 53 0.03811747880916766
4 54 -0.01315496728793166
4 55 0.01637127624494071
4 56 -0.011894527461243962
4 57 -0.03490347668786166
4 58 -0.04406294978612537
5 1 -0.2918278956736505
5 2 0.29847967931489205
5 3 0.24984171809883987
5 4 0.0783434460568943
5 5 0.17420222804858024
5 6 -0.03900113254213735
5 7 0.2181420645099577
5 8 -0.013255411004846118
5 9 0.1668762364483636
5 10 -0.029056974194908068
5 11 -0.0029899214738338563
5 12 0.2085393843231055
5 13 -0.03439470487875032
5 14 -0.31002043754700803
5 15 -0.0799610731430726
5 16 0.007706160888264098
5 17 0.009471864189839424
5 18 -0.07745097763942191
5 19 -0.009223489076746744
5 20 0.14271883035126617
5 21 -0.00028727301614651056
5 22 0.09551165790750255
5 23 0.0005008635122238482
5 24 0.038743830052519246
5 25 -0.1062690227612798
5 26 0.005174813173226796
5 27 -0.018953831529714645
5 28 0.007985035120365582
5 29 -0.10853084030436345
5 30 0.026426015052056585
5 31 0.17716301724967226
5 32 0.09638090286125332
5 33 0.11131765405948382
5 34 0.1770917304898077
5 35 -0.06924089395625108
5 36 -0.19910780966524896
5 37 -0.1469389442153088
5 38 0.23267413430036452
5 39 0.05772577228075762
5 40 0.026476090693875975
5 41 -0.06687924527737335
5 42 -0.2538607681851845
5 43 0.038457224877175185
5 44 -0.03714994290664439
5 45 0.16147596646378864
5 46 0.1380490369663143
5 47 0.11060481322843728
5 48 -0.23413821894076087
5 49 0.02648982992366702
5 50 -0.16592947283279977
5 51 0.00046690026066315265
5 52 -0.035899892433669374
5 53 0.00409103071889681
5 54 -0.08011998154592874
5 55 0.07702890103370191
5 56 -0.059097993701249824
5 57 -0.046294831749292505
5 58 -0.010642500294290943
6 1 -0.3279913573462595
6 2 0.18696780324758716
6 3 -0.08868497943115314
6 4 0.07786050312156843
6 5 -0.6681171228194271
6 6 -0.018742799379887164
6 7 -0.08211770734302942
6 8 -0.10400206147548004
6 9 0.030403404363369628
6 10 -0.024912407572785268
6 11 -0.022862256888977785
6 12 0.035045732238655175
6 13 -0.063869688687539
6 14 -0.07624459899947249
6 15 0.00801176830486297
6 16 -0.09637157690904301
6 17 -0.01536006738312237
6 18 0.02427792551037039
6 19 0.05317076398068658
6 20 0.0384722427831675
6 21 0.0024114689848887287
6 22 -0.08019826717853437
6 23 -0.00193874603493332
6 24 0.009934948064703334
6 25 -0.0353456832556954
6 26 -0.05193018674008044
6 27 -0.030315960928730495
6 28 -0.07169608814756882
6 29 -0.008887398355819053
6 30 0.043294093478373624
6 31 0.11215192138005162
6 32 -0.10912890930467478
6 33 -0.0399549428104565
6 34 0.029182163253592783
6 35 0.027805939585598863
6 36 -0.036634858479573956
6 37 -0.023709243274413754
6 38 0.0011955729823577867
6 39 0.0016555009350926696
6 40 -0.007551380611729729
6 41 -0.15078176832576923
6 42 0.062465471121779366
6 43 -0.040767377961778345
6 44 -0.12699331146310647
6 45 -0.05913299935351826
6 46 -0.0336284577307581
6 47 0.12456413671905454
6 48 0.25518013401107464
6 49 0.09518269219720903
6 50 -0.05933644730638179
6 51 -0.12091441835203917
6 52 0.005828095822440121
6 53 0.3250652564369336
6 54 -0.019590294415476606
6 55 0.14421216176928592
6 56 -0.1354653455345278
6 57 -0.03514397819541818
6 58 -0.006660114910918539
7 1 -0.20115448543009554
7 2 -0.08718562462786805
7 3 -0.06041790083433845
7 4 0.000692976802965005
7 5 -0.006960343682563608
7 6 0.12664509221586318
7 7 0.1302212910898501
7 8 0.14633761191662442
7 9 0.046730875892345224
7 10 -0.1517886708658056
7 11 0.2315583141779472
7 12 -0.004411961154788894
7 13 -0.06692691295807092
7 14 0.20911671998889036
7 15 0.05476251330396094
7 16 0.11840448406616434
7 17 0.4918457349990117
7 18 0.19865253931670865
7 19 0.12437131000997216
7 20 0.06806863889367505
7 21 -0.07608482294992878
7 22 0.00036039190984640845
7 23 0.15271480528324063
7 24 -0.17365062796078068
7 25 -0.166011291566997
7 26 0.1196444537493862
7 27 0.009121798856233395
7 28 -0.041264060610001665
7 29 -0.028467134897877142
7 30 0.2044710045256832
7 31 0.01488716718111418
7 32 0.3141562505782344
7 33 0.17343509230546994
7 34 -0.15690241717599318
7 35 -0.07663407828682774
7 36 -0.0014971407671943516
7 37 -0.0689342265247707
7 38 -0.10222593887612885
7 39 -0.17502595693856782
7 40 -0.0005343793957371334
7 41 0.12364927459719172
7 42 0.007771513702427652
7 43 -0.06001021467363791
7 44 -0.01919971152805626
7 45 -0.05810731849044061
7 46 0.15019884470011471
7 47 0.180242670133975
7 48 0.06596503179697699
7 49 0.1093631599396934
7 50 0.007027668499581669
7 51 -0.007557485646089052
7 52 -0.05228219979311433
7 53 -0.008971083317942543
7 54 0.0017025470014970288
7 55 -0.007677633970839948
7 56 -0.002866049615330806
7 57 0.015753008709937684
7 58 0.00976194460407533
8 1 -0.30317196144197317
8 2 -0.27732752101006003
8 3 -0.07832976082514513
8 4 0.30572991255675924
8 5 0.11796342973280743
8 6 -0.14034770595590476
8 7 0.018909984670771582
8 8 -0.0238354221493914
8 9 0.034730419318018776
8 10 0.028825751694689424
8 11 -0.007911397561488821
8 12 0.009480085316830512
8 13 0.02405871015087543
8 14 -0.015021691460137317
8 15 0.03180321184748342
8 16 0.04621535939209979
8 17 -0.0036091742625795776
8 18 -0.15276331125640166
8 19 0.3696105928480348
8 20 -0.04377962256804302
8 21 0.09721801320240969
8 22 0.03614667940472593
8 23 0.06473782477333315
8 24 0.05738111676758204
8 25 0.06443888802832898
8 26 0.004645405244063678
8 27 0.09662830865079448
8 28 0.0102275339842273
8 29 0.02044093178403662
8 30 -0.12890842324927024
8 31 0.14966854580991584
8 32 0.09586732951143781
8 33 -0.13603085349513955
8 34 -0.06681340638953838
8 35 0.314931768931644
8 36 -0.23417804074508283
8 37 0.20008926619310843
8 38 0.03621410929668061
8 39 -0.08292056320506994
8 40 0.13358836833495855
8 41 -0.08552642513555335
8 42 0.09721270773936425
8 43 -0.10922960057824228
8 44 0.39662357887981864
8 45 0.045828313573774405
8 46 0.00230246771948944
8 47 0.10534956300857383
8 48 0.01694179417629398
8 49 0.059261457513519425
8 50 0.005667539081227796
8 51 0.027834394719495094
8 52 -0.022470585690947877
8 53 0.00797804407081609
8 54 -0.015754311851092096
8 55 0.024912793076131128
8 56 0.006429866068300178
8 57 0.007135297491487869
8 58 -0.011111768707699875
9 1 -0.26176553104656425
9 2 -0.1398219188822349
9 3 0.19659868640568323
9 4 -0.3741299151578905
9 5 -0.0766512000498264
9 6 -0.15587307346328758
9 7 0.37624754731062193
9 8 -0.09413688017312824
9 9 -0.5712885650390815
9 10 -0.04523859410797053
9 11 -0.22227026434318214
9 12 0.01438801668938936
9 13 0.04887785989504825
9 14 0.056213321725354023
9 15 0.0163127786191983
9 16 0.032180870691940915
9 17 0.005083538179672837
9 18 -0.010064821650164915
9 19 0.029070723302724935
9 20 0.004464473786305682
9 21 -0.034303985983914424
9 22 0.03500551791756484
9 23 0.026895153778327734
9 24 0.008321416257355557
9 25 0.017326707529944335
9 26 0.008682771981154027
9 27 0.028222628634788464
9 28 0.005279878118447826
9 29 0.029031254868284995
9 30 -0.01879208656681282
9 31 0.028337532876757228
9 32 -0.010715134111604081
9 33 0.02718251985975572
9 34 -0.024256396731617433
9 35 0.0067419973382088355
9 36 0.0003766444143414435
9 37 -0.014595093334228098
9 38 0.04319517723583014
9 39 -0.024088947451659456
9 40 -0.013481623622580074
9 41 0.002604985498440677
9 42 -0.00015346681549191434
9 43 0.006405874944902716
9 44 0.03836757241037964
9 45 -0.010414862014859205
9 46 -0.01587977936327545
9 47 -0.0024151879296816533
9 48 -0.024999711826257952
9 49 -4.723819446526183e-05
9 50 0.007763850951067764
9 51 -0.05220462990580261
9 52 -0.006427998895695122
9 53 -0.011664583803513952
9 54 0.04074133851202377
9 55 0.006710051738613941
9 56 -0.06425252518575456
9 57 -0.08083742327029123
9 58 0.37185066492329766
10 1 -0.24510515764932944
10 2 0.33578695731948155
10 3 0.24108419702714412
10 4 0.1582914834071501
10 5 0.1598221846113792
10 6 -0.02123552124202406
10 7 0.012857340948823072
10 8 -0.01561382159463477
10 9 0.04962274518162672
10 10 -0.06101637969115437
10 11 -0.0023574293775355006
10 12 0.2217911673015744
10 13 -0.0010749771928046208
10 14 -0.1797930443047081
10 15 -0.1018003456266326
10 16 0.0575076721396314
10 17 0.1959236220012885
10 18 0.011270784031884038
10 19 -0.008164472211549858
10 20 0.03353313307139158
10 21 -0.17321019092260662
10 22 -0.03868419999019431
10 23 -0.06624433968561057
10 24 -0.060061695748680075
10 25 0.11585071154061646
10 26 0.0198469997566874
10 27 0.13787546989378804
10 28 -0.11661101968494664
10 29 0.2672011107625022
10 30 -0.18238148229414175
10 31 -0.18478987873894115
10 32 -0.15672448049846632
10 33 -0.007631365728692992
10 34 -0.26114614841211425
10 35 0.06686977635480937
10 36 -0.08182865870779643
10 37 -0.14056992030439452
10 38 0.10659913684480102
10 39 -0.02319400038934794
10 40 0.02157140215840409
10 41 0.014014674571891848
10 42 -0.20365676171379732
10 43 -0.06410012479362279
10 44 0.0432075659466692
10 45 -0.3644458619436023
10 46 -0.05217111226379788
10 47 -0.08686384839824679
10 48 0.05441605745957149
10 49 -0.00702001785364771
10 50 0.060302478174968484
10 51 0.04764756580594189
10 52 0.00824500361128196
10 53 0.08141507597278104
10 54 0.034037418831408366
10 55 -0.040647896915906395
10 56 0.07913642529675473
10 57 0.013854600236507746
10 58 0.007422549588902799
11 1 -0.14687091597545487
11 2 0.05556672497842679
11 3 -0.08422543905457362
11 4 0.017818973540307873
11 5 -0.010557939282495972
11 6 0.014119173660735038
11 7 -0.004971368186478948
11 8 0.5144061786767226
11 9 -0.05818307776022615
11 10 0.3036900278083492
11 11 -0.13914029630085306
11 12 0.07022471887967122
11 13 -0.041695956039258956
11 14 -0.005517445832669384
11 15 0.002278817433197843
11 16 -0.010499659716102425
11 17 0.05957466592739499
11 18 -0.0887228570061124
11 19 -0.026694464208784695
11 20 -0.02254835856179062
11 21 -0.02731559817827249
11 22 -0.08779656405485732
11 23 -0.05159278978827374
11 24 -0.05755291735422864
11 25 0.07333422974690403
11 26 0.14395351560035644
11 27 -0.005447496438588974
11 28 0.09194134530287301
11 29 -0.022321182544218825
11 30 -0.07895153328978129
11 31 -0.2175605802177044
11 32 -0.13229983411859172
11 33 0.2308423492402451
11 34 0.27811289144878854
11 35 0.19728497089005687
11 36 -0.08914702314561017
11 37 -0.197706482661909
11 38 -0.18713356116982766
11 39 -0.31740373769716507
11 40 0.25024440579030655
11 41 -0.07076357527509997
11 42 0.07487556232733569
11 43 0.10739409695898815
11 44 -0.039961780511490956
11 45 0.056253503210915184
11 46 0.034037341192937026
11 47 -0.04705757615978043
11 48 0.0037567371984036546
11 49 -0.02211984440005265
11 50 -0.018687393079902064
11 51 0.008718781959588221
11 52 0.019316922518464258
11 53 0.008354353793629962
11 54 0.020007461186348656
11 55 0.020971721637306234
11 56 -0.021527166436354855
11 57 0.0007507856855756354
11 58 0.005944501922180204
12 1 -0.18594020497101363
12 2 0.007599796294531883
12 3 -0.07267599155613581
12 4 -0.028637741845148317
12 5 0.018812742211862115
12 6 0.09349852181911888
12 7 0.4024699834965595
12 8 0.11709267503155985
12 9 0.1732836195735104
12 10 -0.22088037453319895
12 11 0.15478860711673764
12 12 -0.09375538185058933
12 13 0.12598150398823268
12 14 0.07161680917852353
12 15 0.11418485453345986
12 16 -0.08872834839218965
12 17 -0.3983387042663421
12 18 0.06936167796094667
12 19 0.015163646036781896
12 20 0.014854474912526484
12 21 -0.04791283955106782
12 22 -0.06005787552224128
12 23 0.06988241452114392
12 24 -0.017969302084028024
12 25 0.1663604018001962
12 26 0.06222946063220347
12 27 -0.17992884736723117
12 28 0.0634921955069746
12 29 0.09887476549933485
12 30 -0.1917636294268604
12 31 -0.00748976687177798
12 32 -0.26211171901226205
12 33 0.15020441558035638
12 34 -0.06011390825714194
12 35 -0.1447696276934836
12 36 -0.003080581122378736
12 37 -0.09452375659915686
12 38 0.16815823448816883
12 39 0.0042102952136321556
12 40 0.05226631233681047
12 41 0.2120293999900049
12 42 0.2281550505201885
12 43 -0.027106052909888968
12 44 0.07022842602841749
12 45 -0.030412890448245494
12 46 0.14119183713084602
12 47 0.10380999467735857
12 48 0.057255480242259266
12 49 0.0899956672162458
12 50 -0.06647770275091745
12 51 -0.013982471466860987
12 52 -0.14805615178401887
12 53 -0.018110218246824406
12 54 -0.024809232133537487
12 55 -0.03584547108692052
12 56 0.0122152990221629
12 57 0.019933428537971143
12 58 -0.02426368764658719
13 1 -0.3352325489913976
13 2 -0.3452663533334532
13 3 -0.13750365512331023
13 4 0.4086624488552141
13 5 0.009171771918621554
13 6 -0.11405865968039082
13 7 0.007706089977209932
13 8 -0.049523550615526456
13 9 0.02568131328679525
13 10 -0.0651351220841956
13 11 -0.10650422145388397
13 12 0.0368627900479856
13 13 0.06841917693340328
13 14 0.07208823296240276
13 15 -0.024025462726842084
13 16 0.07449370874629435
13 17 0.026564617864767087
13 18 -0.08935335937328401
13 19 0.22410629900570056
13 20 0.08373675487379069
13 21 0.02156993241008134
13 22 0.11652746171631972
13 23 -0.06638301875380972
13 24 0.006989939661949498
13 25 0.25979125438253237
13 26 -0.11279597353608373
13 27 -0.042617562747244764
13 28 0.06619463533465059
13 29 -0.07481736811684159
13 30 -0.029525856919355095
13 31 -0.048233662120554535
13 32 -0.013559286195351468
13 33 -0.02059092170515392
13 34 -0.0948790969066102
13 35 -0.08328291655500439
13 36 -0.013725504697627936
13 37 -0.16672616741550325
13 38 -0.0003277337026187559
13 39 -0.0032561704627339875
13 40 -0.1544799677330871
13 41 -0.008223765856639666
13 42 0.04153277139019683
13 43 0.134303684082386
13 44 -0.2254685906860687
13 45 0.05616339496403314
13 46 0.19896089990702853
13 47 -0.011661904368803053
13 48 -0.07603679032614678
13 49 -0.16149159252777806
13 50 0.3341754207556698
13 51 0.0022243668731870975
13 52 0.05259697885616405
13 53 0.06102211689783406
13 54 -0.13372834228632946
13 55 -0.014691231593415004
13 56 -0.056864918915779585
13 57 -0.01767473571532381
13 58 0.005277700212557257
14 1 -0.2693484176241096
14 2 -0.18606323988303133
14 3 0.02279408119766294
14 4 0.06589199277870902
14 5 0.04515908681467015
14 6 0.43045205766901895
14 7 0.09742647000724496
14 8 -0.07838321881701873
14 9 -0.012641975140471086
14 10 0.1176772843087877
14 11 0.05768221407508779
14 12 -0.01909349387239003
14 13 -0.310590402342011
14 14 -0.08673549519000127
14 15 -0.017450624554983734
14 16 0.0027633631938496815
14 17 -0.03588991184681734
14 18 -0.1713367942425117
14 19 0.07021610839816919
14 20 -0.05705649226347276
14 21 -0.016917426438341043
14 22 -0.021352541612483265
14 23 0.04699624922759572
14 24 0.00176542751481009
14 25 0.11723959412775989
14 26 -0.1414811246553979
14 27 -0.003907141183830571
14 28 -0.03683103571129997
14 29 -0.04054542872707151
14 30 0.021017800205748404
14 31 0.006840508547984021
14 32 0.07084841159189677
14 33 0.2985367508793196
14 34 0.041695555846549305
14 35 0.08731782732001078
14 36 0.4329517359336456
14 37 -0.19548172047991966
14 38 0.07391632096485415
14 39 0.07135149690573502
14 40 -0.13981355266133277
14 41 -0.18233933316099188
14 42 -0.005655039884413939
14 43 -0.0688635941648314
14 44 0.1865169529941379
14 45 -0.017680455014438812
14 46 -0.13974173526846395
14 47 0.03949457634336996
14 48 -0.008683802759823092
14 49 0.02368254028618988
14 50 -0.01036228308347499
14 51 -0.009162379238148444
14 52 0.04303220774811517
14 53 0.01099778148498483
14 54 0.017433557271667163
14 55 -0.14292851993612252
14 56 -0.07885256256394269
14 57 -0.00438805052721605
14 58 -0.026555157239357863
15 1 -0.35816238779220566
15 2 0.22188659001015892
15 3 -0.17355706401648155
15 4 0.05291185888986603
15 5 -0.5426005424999595
15 6 0.027723982471295105
15 7 0.026934928955386517
15 8 -0.07192528838338404
15 9 0.06849572444675908
15 10 -0.04176995620301128
15 11 -0.01012849201217387
15 12 0.03221512333874462
15 13 -0.052535725260366754
15 14 0.0565518187418591
15 15 -0.005353492360173318
15 16 -0.0012920130068285389
15 17 0.038630764593786275
15 18 -0.002238372288398667
15 19 -0.06396174356795149
15 20 0.055762775192812655
15 21 0.010184277113722594
15 22 0.057240605743336934
15 23 0.061627429632146034
15 24 -0.013090258455362576
15 25 0.04614064681589362
15 26 -0.014671805892245903
15 27 0.03914786455356371
15 28 0.004859868786558834
15 29 0.07482030979879332
15 30 0.06671426102227931
15 31 0.03259113601411428
15 32 0.004257540106171614
15 33 -0.01944551573966587
15 34 -0.08815322091609235
15 35 0.05442927410306527
15 36 0.09955292610834722
15 37 -0.03419923571010588
15 38 -0.10226561327879038
15 39 -0.004340605135885604
15 40 0.09683653118384837
15 41 0.38816267632443907
15 42 0.04204653872728526
15 43 0.051899583036887506
15 44 0.18617717566875336
15 45 0.03743797324094138
15 46 -0.11459078540341669
15 47 -0.15848873631041022
15 48 -0.37254360015445215
15 49 -0.04096434340722539
15 50 -0.03397097776919377
15 51 0.06194775067273045
15 52 0.13065463929983342
15 53 0.03040311087291805
15 54 -0.02553566898786672
15 55 0.06939018079506354
15 56 -0.02658459831329145
15 57 -0.04354586068122767
15 58 -0.028714389827573992
16 1 -0.3006850704608816
16 2 -0.23451069741300046
16 3 0.17537703306228153
16 4 -0.3491433487477841
16 5 -0.022959187191900623
16 6 0.06684520316900362
16 7 -0.41535545828566894
16 8 0.22761554027584396
16 9 0.04914870657590263
16 10 -0.3045120608594025
16 11 -0.05120399957418799
16 12 0.03749358369608182
16 13 0.17748347457614017
16 14 -0.13652013298368404
16 15 -0.007508358920937802
16 16 -0.007526211089935812
16 17 -0.09410809269396678
16 18 -0.0790715108456931
16 19 -0.08369138191189733
16 20 0.01073343902211896
16 21 -0.01580003242549412
16 22 0.025852061647470267
16 23 0.04663291181372387
16 24 -0.01355166975222484
16 25 -0.03702703598510053
16 26 -0.001942529652928465
16 27 0.04419724003260271
16 28 -0.013163948355880018
16 29 0.0030099723069379036
16 30 -0.026343519174225935
16 31 0.047361628281944325
16 32 0.0781191905305505
16 33 0.02569715858163992
16 34 -0.02668972960213984
16 35 0.08555182600115353
16 36 0.029899750026113916
16 37 -0.051004918464016794
16 38 -0.0302763835179848
16 39 0.058907320841160724
16 40 -0.06534273920119432
16 41 0.031996979108323755
16 42 0.03331221894527592
16 43 0.043359532477659016
16 44 -0.008971081465160001
16 45 0.016030377853795578
16 46 0.02090702535079262
16 47 0.034590734571066976
16 48 0.06934994313753598
16 49 -0.04725584140329647
16 50 -0.028573796085006185
16 51 0.4558474468869581
16 52 -0.0701745216201839
16 53 0.056006917690717056
16 54 -0.001615621812240369
16 55 0.03837204594189974
16 56 -0.12718993553136532
16 57 0.1222600918047732
16 58 0.04459616113789589
17 1 -0.17284926557548724
17 2 0.08223412543590271
17 3 -0.1191496201195182
17 4 -0.025219973119628952
17 5 -0.036686301434568795
17 6 -0.0004937290984798944
17 7 0.32052510740786516
17 8 0.25353615984901007
17 9 0.1422413597207951
17 10 -0.15210008305142625
17 11 0.14951726631367412
17 12 -0.03131919193149021
17 13 0.09348414178057424
17 14 0.25054959011671535
17 15 -0.13299506988723409
17 16 0.08449728868537425
17 17 -0.015399364789850361
17 18 -0.14051557424792677
17 19 -0.24598320786216138
17 20 -0.009289767785241211
17 21 0.027120676250667764
17 22 -0.023339597595274618
17 23 -0.1826295674694148
17 24 0.22334734190177577
17 25 -0.05998248531446498
17 26 -0.18931424835483499
17 27 0.06532592967292847
17 28 -0.13444134092460158
17 29 -0.12681234338290778
17 30 0.011725949102024395
17 31 -0.21562409302199578
17 32 -0.07678874155076329
17 33 -0.20431557072994305
17 34 0.14335387009949385
17 35 0.27741843738237604
17 36 0.10274141595381014
17 37 0.10665667880169363
17 38 -0.13234007013728868
17 39 0.015633026239840336
17 40 -0.1923725239667828
17 41 0.015481288707229089
17 42 -0.14380131078022332
17 43 -0.12175760980490959
17 44 0.004325546576881206
17 45 -0.10013878760784807
17 46 0.13171183271619186
17 47 0.1778561449627532
17 48 -0.07790571542063712
17 49 0.01716531975989749
17 50 0.012146740969526396
17 51 -0.017744357031058717
17 52 -0.05007819792263382
17 53 -0.012261249600669617
17 54 -0.013329150765505048
17 55 0.00994836032576816
17 56 -0.02491595067327003
17 57 -0.013405245063233385
17 58 0.01875496048181899
18 1 -0.19110532428014748
18 2 -0.11161720660851689
18 3 -0.0019241800524301609
18 4 0.06453304177379945
18 5 0.04183399263247948
18 6 0.711456493085728
18 7 0.13866463496343992
18 8 -0.180015290499857
18 9 0.08615882274721885
18 10 0.14354120825026254
18 11 -0.2910137836602556
18 12 -0.0095300406063804
18 13 0.14009924525598544
18 14 0.026365045970391063
18 15 0.015048635736547468
18 16 0.06056750945216227
18 17 -0.00891628670742469
18 18 0.02956739137914939
18 19 -0.05047474841060236
18 20 0.05159233876181556
18 21 0.023254128838148806
18 22 -0.033916577072487235
18 23 0.009760630498602664
18 24 0.00785315319485941
18 25 -0.015931447524632165
18 26 0.0778372998469984
18 27 0.06542023460857245
18 28 0.020261565822130633
18 29 -0.02890372008234971
18 30 0.03163229770641598
18 31 0.012201788764156217
18 32 -0.010421749028536324
18 33 -0.04898797182327551
18 34 -0.03161486099450684
18 35 0.0435657458851714
18 36 0.0076549077390038415
18 37 -0.03751507886829736
18 38 0.018626448513574097
18 39 0.01439324170285862
18 40 -0.029420480405421313
18 41 -0.051712714224292376
18 42 0.042869820994242885
18 43 -0.008705656766289474
18 44 -0.04813620682842843
18 45 -0.015335393309388875
18 46 -0.022976614260117267
18 47 -0.004434180486884921
18 48 0.003582945756208573
18 49 -0.025570567633729693
18 50 0.07372433287090883
18 51 0.023407402340663533
18 52 -0.10651593345053736
18 53 -0.08596050068818856
18 54 0.0860609541779908
18 55 0.380686910110195
18 56 0.18809958102037966
18 57 0.00865183916579303
18 58 0.011182620540942595
19 1 -0.3119674430553613
19 2 0.39830701877916624
19 3 0.27440758053202197
19 4 0.21023977745339945
19 5 0.17737455772904437
19 6 0.01714902873511255
19 7 -0.15473069822929789
19 8 -0.029165415235971357
19 9 -0.12313844849306936
19 10 -0.09502523221688217
19 11 0.028577820350217564
19 12 0.18577108448757013
19 13 -0.10421819772626775
19 14 0.32429302857066666
19 15 0.0699880525495075
19 16 0.06176692416192969
19 17 -0.19253786125529257
19 18 0.03625035991559359
19 19 -0.040747893614892526
19 20 -0.10141411942728079
19 21 0.10623034087508776
19 22 0.018498270616075316
19 23 0.06734635609296526
19 24 0.020669572247395702
19 25 0.008630342024205031
19 26 0.04376635557150642
19 27 -0.023643293793179927
19 28 0.10391402934754497
19 29 -0.13153102898317387
19 30 0.06149098481397638
19 31 0.07027708995955878
19 32 0.06528325655749129
19 33 0.05826026702655177
19 34 0.0706220310868928
19 35 0.04923432635847767
19 36 -0.03186868586507587
19 37 0.009791229354260847
19 38 -0.03252643830140954
19 39 0.06734151133552324
19 40 0.06775423418258544
19 41 0.07634829761431154
19 42 0.00930977062964547
19 43 -0.025173903915026795
19 44 -0.010908597633751007
19 45 -0.2097517089622762
19 46 -0.07424165613754953
19 47 -0.06548262580924938
19 48 0.1914418162173896
19 49 -0.040691000289218945
19 50 0.04817269483326651
19 51 -0.013185069026386621
19 52 0.04182287224595241
19 53 -0.24019396569136947
19 54 -0.15587734929277847
19 55 0.09838464597319904
19 56 -0.20662461033673762
19 57 -0.11165516836340213
19 58 -0.03498083274024643
20 1 -0.15189912959414353
20 2 0.0751750754776158
20 3 -0.0870563624243073
20 4 0.015034313540800872
20 5 0.012415054181809044
20 6 -0.005111767612799463
20 7 0.02146929954928335
20 8 0.5879468127978015
20 9 -0.07886494999448895
20 10 0.3965354464179861
20 11 -0.1504434828038026
20 12 0.010376466951575505
20 13 -0.08555333809443817
20 14 -0.05160701260924757
20 15 0.0038501960712512516
20 16 0.03198391965025718
20 17 -0.054155328142788006
20 18 0.05341672427226789
20 19 0.06010706544489097
20 20 0.04537171597508868
20 21 -0.01530461924300876
20 22 0.13424061886175603
20 23 0.04338322151751895
20 24 0.005695512524659309
20 25 -0.07178727773795031
20 26 -0.040258726329280375
20 27 -0.03569818248670608
20 28 -0.02679685318891608
20 29 -0.027481490878258682
20 30 0.05704996876970379
20 31 0.03715884293943336
20 32 -0.004046522331998171
20 33 -0.14087920454705063
20 34 -0.05883273445428946
20 35 -0.1555625941987688
20 36 -0.060574071472003575
20 37 0.054014000384237065
20 38 0.1970296288990566
20 39 0.037279316795062314
20 40 -0.08343388835154439
20 41 0.14013209594675044
20 42 0.04488244479089889
20 43 -0.03603689186487978
20 44 -0.06674210543059876
20 45 -0.06216499240692343
20 46 -0.3559944541979754
20 47 0.3077917658506911
20 48 -0.03269648041040877
20 49 -0.09196837791306994
20 50 0.08916069918470718
20 51 0.024470706752957806
20 52 -0.006363979171206609
20 53 -0.010466389202628238
20 54 -0.0033154185686062212
20 55 -0.03764171142332311
20 56 0.011926182737196415
20 57 0.014192430839969253
20 58 -0.011195162457725578
21 1 -0.29171465259924856
21 2 0.2720914577332192
21 3 -0.32783812386050065
21 4 -0.17894973725249028
21 5 0.19182032253949685
21 6 -0.10214919412794271
21 7 -0.08098389270062105
21 8 -0.18044216852429
21 9 0.0007702971588203289
21 10 0.03241180612325794
21 11 0.007473908290100818
21 12 -0.0695040352019142
21 13 0.020354493796948703
21 14 -0.10488427125446295
21 15 0.2061984324659356
21 16 0.014647881316049383
21 17 0.04761306018244407
21 18 -0.008135197942778734
21 19 0.026062672137730045
21 20 -0.08881600765102629
21 21 -0.011843860016772265
21 22 -0.045383649781819746
21 23 -0.00684176266610699
21 24 -0.07594066652448245
21 25 0.010027224314774697
21 26 -0.047851423516562
21 27 0.09223659168393236
21 28 -0.09756446806659538
21 29 -0.0282420852056278
21 30 0.11982660927419131
21 31 0.03284097103921584
21 32 0.040634337237635626
21 33 -0.22908417750442112
21 34 0.081065253546176
21 35 0.09218987155862818
21 36 0.1988217765351428
21 37 0.03016390330895061
21 38 0.3092605833034432
21 39 -0.21396205312499333
21 40 0.05861698229814294
21 41 -0.10916402344719983
21 42 0.26239384236299235
21 43 0.19372260856203027
21 44 -0.15175078338141207
21 45 -0.22983357576777055
21 46 0.10966789148981332
21 47 0.013935161558889053
21 48 -0.13672456794974153
21 49 0.07124991772707975
21 50 -0.06806957265772863
21 51 0.03907974079527163
21 52 0.04373492560646006
21 53 -0.07286034032380526
21 54 -0.00645002037169874
21 55 -0.02086678295365991
21 56 -0.00829077955506271
21 57 0.028350829172981398
21 58 0.00046580799355286297
22 1 -0.15489864385493762
22 2 0.0999496589910121
22 3 -0.3706293404195994
22 4 -0.1515239900314417
22 5 0.18432976728393563
22 6 -0.030853034635941065
22 7 -0.10870416900364853
22 8 -0.16081189114982586
22 9 -0.0030205001288430774
22 10 0.0010768867777970837
22 11 -0.05070773527937772
22 12 0.07205244305730955
22 13 0.03847237753276627
22 14 0.026942647605967218
22 15 0.3807022802156261
22 16 -0.09942443009049617
22 17 0.1304596658116558
22 18 -0.037244395215690465
22 19 -0.01736378588544353
22 20 -0.05515773953283729
22 21 -0.26965356127006784
22 22 0.07135327646513508
22 23 -0.09823351081502751
22 24 -0.04802147404126976
22 25 -0.09662868411443193
22 26 -0.10271609397568066
22 27 -0.15426830191517363
22 28 -0.1941978110268925
22 29 -0.18544117546025166
22 30 0.12618364286930647
22 31 -0.1748177227904927
22 32 -0.11460330302817798
22 33 0.16184141293064738
22 34 0.07647763255307422
22 35 0.06183424906804302
22 36 -0.1677795671030772
22 37 0.04028642092315026
22 38 0.16303282536139233
22 39 -0.04924595253450543
22 40 -0.16967430272428635
22 41 0.12028798017702186
22 42 -0.03636132854255631
22 43 -0.14508371893881056
22 44 0.13010411746137704
22 45 0.15846539503502682
22 46 -0.09682690407322772
22 47 -0.17767698163697776
22 48 0.07972484166326313
22 49 -0.037510793197828546
22 50 0.07753488588788299
22 51 0.00301580501052457
22 52 -0.11627035939109466
22 53 0.06158754934529263
22 54 -0.07783106065584516
22 55 0.027638676125080378
22 56 -0.009132279621229929
22 57 -0.010625989473423058
22 58 0.000703260319287766
23 1 -0.1824549147410123
23 2 0.1587473666889168
23 3 -0.380756804873798
23 4 -0.2153388167283852
23 5 0.14864633629521143
23 6 -0.03157136269891546
23 7 0.04835644320152015
23 8 -0.02435586191513752
23 9 -0.007631976356473562
23 10 -0.01457019072159102
23 11 0.05114200928509905
23 12 -0.07200886886454985
23 13 -0.05214892335889331
23 14 -0.023941862560541188
23 15 -0.28516340086258174
23 16 0.2732928846793194
23 17 -0.13512695584017015
23 18 0.04361578044697533
23 19 -0.05360453221369455
23 20 0.019534496050054855
23 21 0.001487504374981965
23 22 0.02819510923555082
23 23 0.11845513209671138
23 24 0.028489997509313594
23 25 0.13870292242567128
23 26 -0.0022477548137597083
23 27 0.16491249048728654
23 28 0.06613733737372098
23 29 0.13037335040117054
23 30 0.09448752218693682
23 31 0.20594652121999496
23 32 0.01862511164787964
23 33 -0.24442889769339088
23 34 0.1880849380850802
23 35 -0.1504348651173844
23 36 -0.020162553218546354
23 37 -0.2522062066359414
23 38 -0.02261318918709789
23 39 -0.25096786720318903
23 40 -0.1554354659510064
23 41 0.07748538523727418
23 42 -0.11680575415886807
23 43 -0.06506167099639591
23 44 0.13632831135182538
23 45 0.1274425499820699
23 46 -0.011927959124754443
23 47 -0.10882170720127293
23 48 0.23213884626516107
23 49 0.0020507529719401797
23 50 0.029283402785443443
23 51 0.0051529019573715515
23 52 0.0414967624567193
23 53 0.008417358115720456
23 54 0.00702792216236849
23 55 -0.004165449937010517
23 56 0.031107297155226567
23 57 0.014729126303097044
23 58 -0.016577039305808033
24 1 -0.11606275756184445
24 2 -0.03606760721879729
24 3 0.028007554856764275
24 4 0.04406372854269917
24 5 0.02059135210303828
24 6 0.18779189060398094
24 7 -0.0039950177672347
24 8 -0.049895434488599996
24 9 -0.11407292569205864
24 10 0.14359665476288094
24 11 0.13855303971231164
24 12 -0.07886471015124064
24 13 0.20112687095187226
24 14 0.05474006892998704
24 15 -0.27027733429913486
24 16 -0.3684921321033151
24 17 0.06805052057826802
24 18 -0.06935800960025426
24 19 0.07923309085340101
24 20 -0.3005689785936941
24 21 -0.024411230751474635
24 22 0.14803869170400374
24 23 0.009638731609826886
24 24 -0.16473274830785978
24 25 0.11410464509016781
24 26 -0.2471498948579682
24 27 -0.04783461274929168
24 28 -0.26273219736748893
24 29 0.26413547950659605
24 30 -0.05253201821946831
24 31 0.07467519023237006
24 32 0.1791073122826882
24 33 0.07926031557563083
24 34 0.362974691050998
24 35 -0.10227675617520188
24 36 -0.12908089003766304
24 37 0.09402440915872044
24 38 -0.04605893321964524
24 39 0.05988896891938777
24 40 0.01733958638478079
24 41 0.13237972302606524
24 42 -0.0020626855283653357
24 43 0.05809258775669352
24 44 -0.03214509519908695
24 45 -0.12139375425093625
24 46 0.04088518442069017
24 47 0.0018453539175263863
24 48 -0.001605141964611902
24 49 0.003557245726361731
24 50 0.037174562057574884
24 51 0.003804834533675378
24 52 -0.023985433411780162
24 53 0.014757729838472816
24 54 0.023671392858880647
24 55 0.019867416840549275
24 56 0.007257269889718628
24 57 0.0006582651256428322
24 58 -0.0017739062957933252
25 1 -0.15982006817302782
25 2 0.1921373087014782
25 3 0.05990796242587648
25 4 0.08060827376003081
25 5 -0.02162029948398996
25 6 0.04819231721529587
25 7 -0.1299647706472596
25 8 0.003850823707906179
25 9 -0.14228980731082655
25 10 0.044487656929109984
25 11 0.009265049777672004
25 12 -0.6298007999336442
25 13 0.09942515167160794
25 14 0.021435389901943564
25 15 0.0069688109461046675
25 16 -0.047858334324153366
25 17 0.10016314480965383
25 18 -0.04133108211533701
25 19 0.02924313914934588
25 20 0.15286212950256992
25 21 -0.01579880621902545
25 22 -0.15521639834991632
25 23 0.044130666289628945
25 24 0.04486679443071929
25 25 -0.005405318296152685
25 26 -0.03625826431967236
25 27 -0.04863295257443005
25 28 0.010648775521802463
25 29 -0.13558907406589216
25 30 -0.06322294432240384
25 31 -0.06232051244215789
25 32 0.0856943370324652
25 33 -0.133761222588055
25 34 0.056524057947477536
25 35 -0.06487945071629078
25 36 -0.14378661081158423
25 37 -0.27690645877629333
25 38 -0.0031020765303417124
25 39 0.15386950521034704
25 40 0.12581695327696923
25 41 -0.07956777669398425
25 42 0.10009275651343379
25 43 -0.40446478951372583
25 44 -0.052025645531342146
25 45 -0.04923545662752759
25 46 0.009660349514278764
25 47 -0.08049659415974109
25 48 -0.10273774224546242
25 49 0.008829281022646126
25 50 -0.011778261073738807
25 51 0.06382886954193283
25 52 0.01030388152610953
25 53 -0.01922686068430068
25 54 -0.030434764376758634
25 55 -0.06038660768188488
25 56 0.007293989191452524
25 57 -0.019461151721671115
25 58 0.016811386198785205
26 1 -0.24179746169818644
26 2 -0.14880276637018852
26 3 0.2946165351906564
26 4 -0.35309278649175513
26 5 -0.0022445137755413664
26 6 -0.219783254147339
26 7 -0.007268012784258713
26 8 -0.15079251171828048
26 9 0.4490036603811099
26 10 0.34589487963905485
26 11 -0.0330439560548724
26 12 -0.06813977012316547
26 13 -0.03595749208208799
26 14 0.29686693006705284
26 15 -0.04025090645956371
26 16 5.784588618233157e-05
26 17 0.011156055504200901
26 18 -0.01847283398391051
26 19 0.03833828008613322
26 20 0.03068860943487087
26 21 -0.02327576395451047
26 22 0.04370031851433599
26 23 -0.023192775522929115
26 24 -0.030878493065311447
26 25 0.038336835751997075
26 26 0.053536128057095934
26 27 0.03629560534842938
26 28 0.0008583397525160932
26 29 -0.03098179823427226
26 30 -0.014374402625483299
26 31 0.043159759555992924
26 32 -0.07090619627920798
26 33 0.050339335316137095
26 34 0.010083288626010174
26 35 -0.06070301330741584
26 36 -0.03523581255812669
26 37 -0.0063867032587176945
26 38 -0.00429576600453759
26 39 -0.0022712098600559845
26 40 -0.023910789651825498
26 41 -0.022302021414209814
26 42 -0.02803075500091306
26 43 -0.06524701744381554
26 44 0.0176235182479192
26 45 -0.07666317917846552
26 46 -0.02783318565063907
26 47 -0.050050122220846247
26 48 -0.062284249589637124
26 49 0.01354839644047536
26 50 0.0032708807014498087
26 51 -0.1390367735962753
26 52 0.0588293512322977
26 53 -0.027022926346617362
26 54 -0.04766474240307339
26 55 0.058280991833924566
26 56 -0.1020309854532549
26 57 0.3589774379896504
26 58 0.05015008899038119
27 1 -0.1342581944119001
27 2 -0.03307387870295308
27 3 -0.0570823387716555
27 4 0.04424236519227344
27 5 -0.013962429977193
27 6 0.0055613521529610565
27 7 0.029376428394272486
27 8 0.008555878415236662
27 9 0.034385630329278265
27 10 -0.029371293412961838
27 11 0.044160192802015635
27 12 -0.055380763718722595
27 13 -0.045983425144202145
27 14 0.10708614678007658
27 15 0.2318212924970327
27 16 0.06247778698120033
27 17 0.33965519862777294
27 18 -0.06594816503102906
27 19 -0.34431287929196575
27 20 -0.20128062792567908
27 21 0.31573019843239963
27 22 0.1474315287436016
27 23 0.18935106123983253
27 24 -0.027328886568908806
27 25 -0.2820265494420489
27 26 -0.2669340139253883
27 27 0.22506666582030782
27 28 0.2134983686106683
27 29 0.11522716206177248
27 30 -0.3347690912739622
27 31 0.08355199493551821
27 32 -0.18697152308159082
27 33 0.06275633197642097
27 34 0.022138933483470413
27 35 -0.089502807042727
27 36 -0.04069057090014473
27 37 -0.04375611780234666
27 38 0.10478434788206323
27 39 0.03175276527855617
27 40 0.011107377053330562
27 41 -0.051160519535700145
27 42 0.055022697318566266
27 43 0.017835471537613855
27 44 0.009078488228755401
27 45 0.0685550754766266
27 46 0.0063662643597594305
27 47 0.005930563668841026
27 48 0.03450011895778129
27 49 -0.0387518182072386
27 50 0.05036012144150537
27 51 -0.0006316822287150034
27 52 0.02399917844527673
27 53 0.013600581397831699
27 54 -0.007008319223624165
27 55 -0.008069403510386168
27 56 0.006120311559738339
27 57 -0.001072643613683288
27 58 -0.0034041320809564167
28 1 -0.19140918554514008
28 2 -0.14465627940708162
28 3 0.08545974899249327
28 4 -0.1855616186109435
28 5 0.03150679930794969
28 6 -0.0009185922854067823
28 7 -0.009769367139400456
28 8 -0.0010986072195016997
28 9 -0.023398309001673032
28 10 -0.060922682738136315
28 11 -0.03592037590068477
28 12 -0.03287034736052147
28 13 -0.23443231383191315
28 14 0.09865802979795421
28 15 -0.04913111201251896
28 16 -0.11663044145001508
28 17 0.06905544144617135
28 18 0.5035986329123981
28 19 0.019609501263709955
28 20 0.05187812224247889
28 21 0.13264601820503022
28 22 -0.09732687293461256
28 23 -0.31230180736373
28 24 0.08847159162774265
28 25 -0.07195335520650846
28 26 -0.06049382770283024
28 27 -0.2277374667829154
28 28 0.18839170047899387
28 29 0.30022584318155116
28 30 0.016805298556644324
28 31 0.010755423220488166
28 32 0.07202896946991252
28 33 -0.021062783917596802
28 34 0.07083788531478367
28 35 0.2957350387451611
28 36 -0.17284180400351878
28 37 -0.13995331495342872
28 38 0.11253807510583377
28 39 0.06705044321070902
28 40 -0.20597745813961543
28 41 -0.019523808383705772
28 42 0.09437844990513095
28 43 0.06385278259164398
28 44 0.012728737629813074
28 45 0.02059439606472744
28 46 -0.017626758146258015
28 47 -0.018927724043937885
28 48 -0.0404341647286547
28 49 -0.021765463037318133
28 50 -0.008592579281325716
28 51 -0.004480359425752832
28 52 0.04019121398497588
28 53 -0.019795112129082474
28 54 0.03348218657691505
28 55 -0.01931540249452357
28 56 0.01208484672539857
28 57 -0.01752955240999718
28 58 -0.06105093487282697
29 1 -0.23633746920906235
29 2 -0.20281122870706564
29 3 0.08554520994511233
29 4 -0.10356241108650942
29 5 0.010757056939201846
29 6 0.14725772935506656
29 7 -0.04478140295271957
29 8 -0.009430485166699315
29 9 -0.12787773446442974
29 10 -0.029103178771887714
29 11 0.19210000356826112
29 12 -0.08648801065725359
29 13 -0.4856068623097092
29 14 -0.11149844564595088
29 15 -0.06176614770232547
29 16 0.017399993757614307
29 17 -0.09526520488709131
29 18 -0.16715479592307658
29 19 -0.10731742862550417
29 20 -0.003722880775909443
29 21 -0.08426495316551116
29 22 -0.17491629271625495
29 23 0.0446957570474108
29 24 -0.19191139726481787
29 25 -0.09004866141616599
29 26 -0.07983251058388313
29 27 0.007284082886143365
29 28 -0.06604041081754869
29 29 -0.09890901041208103
29 30 0.06219445870630355
29 31 -0.18461322409687375
29 32 -0.07293600609280114
29 33 -0.15287527211012844
29 34 -0.08832600718062014
29 35 -0.20065173298733535
29 36 -0.2940507393187653
29 37 0.01911987785487488
29 38 -0.150798852877223
29 39 0.026148268922784424
29 40 -0.10137088421717352
29 41 -0.07284936480484538
29 42 0.1144296415721298
29 43 0.22801537419312562
29 44 0.17312940722675976
29 45 -0.0935479083514176
29 46 0.08170220399701031
29 47 0.015703762204333012
29 48 -0.041619139304596035
29 49 -0.14487744247295484
29 50 -0.09489617179269856
29 51 -0.05152394439655669
29 52 -0.032013484692851084
29 53 -0.015640635972949905
29 54 -0.06815582761999836
29 55 0.03661654332824994
29 56 0.019558308815918926
29 57 -0.0023678582149629355
29 58 -0.008867211309861501
30 1 -0.1089867895342604
30 2 -0.02310923522446435
30 3 0.006297055009734347
30 4 -0.009116832691935726
30 5 0.030703599086722044
30 6 -0.01932383052454045
30 7 0.05318369133862958
30 8 0.07483186118967886
30 9 0.05652557274043701
30 10 -0.01458801425633512
30 11 0.02242909090049546
30 12 0.03355990498967122
30 13 -0.04414363165731802
30 14 -0.10946035855987568
30 15 -0.037959648592837646
30 16 -0.03350205397568427
30 17 0.105750314545126
30 18 0.5661324396487362
30 19 -0.08504421081448302
30 20 -0.03155682439939656
30 21 -0.30721906863561355
30 22 -0.16126421680177017
30 23 0.3546480176169466
30 24 0.020633041791617682
30 25 0.33062463668885084
30 26 -0.170141957886596
30 27 0.15520279446677182
30 28 -0.009340634395573824
30 29 -0.3012846554730384
30 30 -0.19646101412918346
30 31 0.09589106898138001
30 32 -0.05092358055236576
30 33 0.007850910515144655
30 34 0.08724096564181744
30 35 0.07547788189301838
30 36 -0.006211012189112054
30 37 0.1716102379681464
30 38 -0.07177142069986468
30 39 0.07283105209338098
30 40 -0.011164311911208202
30 41 -0.06725971375835897
30 42 -0.004042630737427302
30 43 0.02445574570414095
30 44 -0.028573537014053185
30 45 0.0403567411049285
30 46 -0.02764544588175243
30 47 -0.02027884390307879
30 48 -0.04826635648592763
30 49 -0.02792734860776471
30 50 0.011175181978002732
30 51 0.011325221955070037
30 52 0.006042314965513008
30 53 -0.009651349076299965
30 54 -0.016972313654251028
30 55 3.0999228383911364e-05
30 56 0.00488383264643601
30 57 -0.0026479636110071925
30 58 0.00891227722810604
31 1 -0.19384814977496095
31 2 0.17625559948281452
31 3 -0.533242276608997
31 4 -0.2963846528504631
31 5 0.26733257277523936
31 6 -0.005216643888126481
31 7 -0.12172031811551204
31 8 -0.12917230239870334
31 9 -0.030255945707145022
31 10 0.04278424703284596
31 11 -0.04634701615239456
31 12 0.09064328607274762
31 13 0.02754010098738028
31 14 0.018548706522289914
31 15 -0.011465615339261586
31 16 -0.031119262845558604
31 17 -0.02856878372698337
31 18 -0.05641174598690871
31 19 0.0488968435336983
31 20 0.11536421312557084
31 21 0.005572011994860331
31 22 -0.004463070735068258
31 23 0.03711958163065097
31 24 -0.011513448602693054
31 25 -0.007525514415429528
31 26 -0.022282789909662787
31 27 -0.15247954312656037
31 28 -0.08266455674165261
31 29 -0.00953527465944502
31 30 -0.1382922166141129
31 31 0.013756786037162776
31 32 -0.08738154225022701
31 33 0.15229501761981476
31 34 -0.11096354176608003
31 35 0.016648989140972275
31 36 -0.06667625470003347
31 37 -0.012032254567290556
31 38 -0.16838340961450327
31 39 0.20960368170889804
31 40 0.027073165900161296
31 41 0.004433973061555312
31 42 -0.03918989812263188
31 43 -0.01902517975874735
31 44 -0.016259599454211487
31 45 0.008377393272579244
31 46 0.09944915995522369
31 47 0.22549624622162992
31 48 0.05415788871314133
31 49 0.0033290843860181406
31 50 -0.04482208291948171
31 51 0.022264330269676315
31 52 0.4031322093076797
31 53 -0.06018062270560943
31 54 0.08541167653873982
31 55 0.051490758991267774
31 56 0.059281825388996706
31 57 -0.014623936716559649
31 58 0.016603380759930703
32 1 -0.18720566705796438
32 2 -0.1828540961933998
32 3 0.04076158760725771
32 4 -0.01089025927149016
32 5 -0.007953586955528138
32 6 0.04815215698315945
32 7 -0.06197793468564508
32 8 -0.06196219082500682
32 9 -0.15710481672060966
32 10 0.33039276304050746
32 11 0.5576740361066207
32 12 0.132135680234626
32 13 0.2627958917019378
32 14 -0.09881318349836618
32 15 0.14977277337321532
32 16 0.1456163663325669
32 17 -0.02768605527722707
32 18 0.0931745874891872
32 19 -0.06966939782321334
32 20 0.16899383841572363
32 21 0.05379829063598826
32 22 -0.03839308500461848
32 23 -0.0546874741320366
32 24 0.11739870483859678
32 25 0.017090671002949254
32 26 0.04575962780535206
32 27 -0.012265742066777323
32 28 -0.019645503512807045
32 29 0.06848697215963744
32 30 -0.026596714010618163
32 31 0.03713129806933847
32 32 0.06551547247430049
32 33 0.029215434694017956
32 34 0.008692775470440107
32 35 0.02826792858486716
32 36 0.09120842142803215
32 37 0.06221754640970071
32 38 0.062221664913640055
32 39 -0.04662364967903941
32 40 0.05555042007038476
32 41 0.041399467245155745
32 42 0.013133292958582446
32 43 -0.11986797149528299
32 44 -0.01054303158550121
32 45 -0.018612208936371277
32 46 0.0896770051195681
32 47 -0.014766631780967565
32 48 0.044842834764366776
32 49 -0.4260910848374828
32 50 -0.12591314011290045
32 51 -0.06542271578637453
32 52 0.0026636585611259037
32 53 0.05886744049149632
32 54 0.0295917760060968
32 55 0.022471889313265905
32 56 -0.01752284381450544
32 57 -0.006208277799948203
32 58 0.00010742002716446935
33 1 -0.24327981888661177
33 2 0.39152650346800955
33 3 0.26992147157927265
33 4 0.1568312163682446
33 5 0.16774238152012771
33 6 0.024376137416703254
33 7 -0.1656918253291985
33 8 -0.05341796118983724
33 9 -0.14880467865271144
33 10 -0.021175686646821523
33 11 0.022894890745794677
33 12 -0.11425552872058743
33 13 0.06321177033447069
33 14 0.17092659541605737
33 15 -0.0487794788009159
33 16 -0.09523464453016273
33 17 0.019605800134361938
33 18 0.012487568288864995
33 19 0.04154824291867179
33 20 -0.0034118603654124005
33 21 -0.0864243450912352
33 22 -0.06100898098854673
33 23 -0.014818475578790583
33 24 -0.034531915771954205
33 25 0.07292340260342046
33 26 -0.03055812640078993
33 27 0.05630849374641421
33 28 -0.15144696986614845
33 29 0.27716174567198537
33 30 -0.137907823060929
33 31 -0.13618690543258605
33 32 -0.05572427728292982
33 33 -0.03634976449512342
33 34 -0.20665867234913565
33 35 -0.06581384289024061
33 36 0.11310465532026565
33 37 0.09724412641764965
33 38 -0.07569758644870025
33 39 -0.22936485572454146
33 40 -0.16095310345586542
33 41 -0.10926030475750086
33 42 0.055666270322351837
33 43 -0.03155663949696649
33 44 -0.08121937300301466
33 45 0.3819075764275648
33 46 -0.07539709802167843
33 47 0.11795133342039633
33 48 -0.06685952688298863
33 49 0.004605754548355472
33 50 -0.12442788272366842
33 51 -0.017860675722980415
33 52 -0.01306451916973991
33 53 -0.07499347464382304
33 54 -0.04918548073725904
33 55 0.07057798166460039
33 56 -0.09135390704646548
33 57 0.0029593614671145248
33 58 -0.026342964725417178
34 1 -0.16059519856781887
34 2 0.11971991975766924
34 3 -0.30407661426624577
34 4 -0.09573892267979961
34 5 -0.11883268002426563
34 6 -0.026907160491549557
34 7 -0.05641170918528274
34 8 -0.09847904827476187
34 9 -0.004529860999162925
34 10 0.014160252481990395
34 11 0.014007028489958159
34 12 0.12944544684219492
34 13 -0.0048530754708379364
34 14 0.06515653084405136
34 15 -0.3191939604072944
34 16 -0.08241050032908773
34 17 -0.01500528091534254
34 18 -0.07060982632254856
34 19 0.00011420413500569035
34 20 0.11089586978785881
34 21 0.13243713899926107
34 22 -0.11114995014181667
34 23 0.16397361008069553
34 24 -0.03284779734396294
34 25 0.03870325383777329
34 26 0.22244070441693242
34 27 0.1468266741949
34 28 0.2977577225236201
34 29 -0.01796128549845373
34 30 -0.13301558879430805
34 31 -0.4564758836501131
34 32 0.27239052618316284
34 33 0.09731158068625637
34 34 0.08471128924955215
34 35 -0.06510711113141497
34 36 -0.023409183842814745
34 37 0.21612531140647975
34 38 0.26081989407410316
34 39 0.08860785477051356
34 40 -0.10416227892027072
34 41 -0.005337148653275877
34 42 0.03651278622121889
34 43 -0.04013982128163472
34 44 -0.012444816985835647
34 45 0.024093570065457127
34 46 -0.009427861134882582
34 47 -0.030835532971084132
34 48 0.01279302883125915
34 49 0.021512398566732004
34 50 0.011360284881452973
34 51 -0.00026219495360630687
34 52 -0.027539781923999414
34 53 0.043923462782789524
34 54 -6.640794741582037e-06
34 55 -0.0020946021266116245
34 56 -0.010108360812749427
34 57 0.0035034204772139
34 58 0.008695431489486207
35 1 -0.07553230031428203
35 2 -0.02781485224271922
35 3 -0.009716054066740988
35 4 -0.025776959824262587
35 5 0.03621194719436782
35 6 0.01784321694673713
35 7 0.01997537492041446
35 8 -0.035969629358006044
35 9 -0.09682359800943145
35 10 0.08662144543290394
35 11 0.15938657793512645
35 12 0.009421434109659342
35 13 0.13218145689079586
35 14 -0.03522939812557252
35 15 -0.35745021270725186
35 16 -0.453114404983455
35 17 0.0812527815384599
35 18 0.05173360470700266
35 19 -0.02633052957668182
35 20 -0.35091633765055985
35 21 -0.02048264322185368
35 22 0.23958195900052787
35 23 0.034820034429121544
35 24 -0.1037755161342903
35 25 -0.06182828235290886
35 26 0.11512506447746035
35 27 -0.057152628741568935
35 28 0.26070660733259293
35 29 -0.2741174612505341
35 30 0.16095933949494173
35 31 -0.0006097226610675037
35 32 -0.2071730092430343
35 33 -0.1358030182147652
35 34 -0.26034713321841435
35 35 0.13714050387674553
35 36 0.06480032217706314
35 37 -0.1470233317642031
35 38 0.0682315830521731
35 39 -0.05576688765198566
35 40 0.01884522254925138
35 41 -0.008005112567307496
35 42 -0.036313983230121444
35 43 -0.05618628264365691
35 44 0.031707499873103104
35 45 0.03946045932455422
35 46 0.052239074585497064
35 47 0.028856044729093165
35 48 0.02819949879030411
35 49 -0.07311973240976233
35 50 -0.058419383720340064
35 51 -0.00012737496035146917
35 52 0.021957320865684717
35 53 -0.006737491074365024
35 54 -0.013146128632022663
35 55 0.004515013647908412
35 56 0.003384293563089766
35 57 0.0019215957510309043
35 58 -0.012536877198630884
36 1 -0.0748292270820112
36 2 -0.050239592913143546
36 3 -0.0014843163025452125
36 4 -0.005341297333393918
36 5 0.024508209839046422
36 6 -0.0013168771421476363
36 7 -0.0034047939174537156
36 8 -0.011878374172958998
36 9 0.043932951487101156
36 10 0.024309561550067773
36 11 -0.0005466063862631632
36 12 0.012533520048315335
36 13 -0.10839981926785142
36 14 -0.01929036281430139
36 15 0.09099746766423758
36 16 -0.0943178739232318
36 17 0.17976028681881712
36 18 -0.11962429243658268
36 19 -0.01961946756553577
36 20 -0.295529805359958
36 21 -0.11814587822183516
36 22 -0.05987796769276127
36 23 0.3165620460506528
36 24 0.7408217480504119
36 25 0.05061065240782078
36 26 0.24687340573366115
36 27 -0.1500189736354212
36 28 -0.048679223713660534
36 29 0.17789571792961809
36 30 0.1090942539595102
36 31 -0.05286211739857416
36 32 0.001725610176974441
36 33 -0.034795791236321344
36 34 0.0032515195290198744
36 35 -0.09012559916099737
36 36 -0.05528025078853452
36 37 -0.037694646756237384
36 38 -0.011813295065230222
36 39 0.03484897906019394
36 40 -0.026294746777258418
36 41 -0.015290839897246708
36 42 0.023004046714132347
36 43 0.06493948043431651
36 44 -0.02216344933567518
36 45 -0.016835053138314092
36 46 0.025150173089101398
36 47 0.003927845596028298
36 48 -0.013632425244277829
36 49 -0.014518745977054076
36 50 0.006187376240616697
36 51 0.01765645733757567
36 52 0.013402319381463282
36 53 0.004550126476428222
36 54 -0.0026116698904240076
36 55 0.010975026131436381
36 56 -0.006836487491984272
36 57 0.007917692372030015
36 58 0.003586697038535875
37 1 -0.2843376834053316
37 2 -0.3175134541473126
37 3 -0.09721539387608726
37 4 0.33768184139381857
37 5 0.11794127099273889
37 6 -0.27088658574101426
37 7 -0.01357687473517322
37 8 -0.07621843483602525
37 9 -0.04021832234596449
37 10 0.04985655388114393
37 11 -0.11472544616518554
37 12 -0.07247066273721474
37 13 0.06344360619841127
37 14 -0.012293582483444136
37 15 -0.11348348308329577
37 16 -0.07446105263209735
37 17 -0.10246896606361648
37 18 0.108139118495727
37 19 -0.3633678233187619
37 20 0.058645137600767346
37 21 -0.11486033409113637
37 22 -0.08300362991569749
37 23 0.03434566898916897
37 24 -0.09887291979994403
37 25 -0.23439085293892215
37 26 0.2502382759141678
37 27 -0.03881025001939729
37 28 -0.11982194766129997
37 29 0.15161262123094457
37 30 0.02864742502580179
37 31 0.0649196675444028
37 32 0.022352827255888462
37 33 0.0610978748887165
37 34 0.09380162185705034
37 35 0.0343349440498395
37 36 0.17009742776106965
37 37 0.01251240252438722
37 38 -0.03205139275080789
37 39 0.04050026701900141
37 40 0.03543450443166513
37 41 -0.05260556136271239
37 42 0.010576766012720774
37 43 -0.007458320763056376
37 44 0.057518447166224056
37 45 -0.02349490340173022
37 46 -0.041755408099124765
37 47 0.06003070290444399
37 48 0.01273968731030917
37 49 0.02822214039131201
37 50 0.026142171497570827
37 51 0.020816486442981355
37 52 0.043306609999606636
37 53 0.05327954115383762
37 54 -0.32943519320361214
37 55 -0.002154036057180514
37 56 0.17235461794757595
37 57 0.00494175350189594
37 58 0.04346433158874731
38 1 -0.36983048992300027
38 2 -0.35078282754889023
38 3 -0.14258281529660446
38 4 0.43626749630292805
38 5 0.14847978383677954
38 6 -0.2926024131752329
38 7 0.008116047315476868
38 8 -0.07484577115400216
38 9 -0.014784117555196756
38 10 -0.00668448289261515
38 11 -0.14766491013682903
38 12 -0.056458879580184175
38 13 0.0031384746305921003
38 14 -0.04965902060235723
38 15 -0.1057555251946237
38 16 -0.017730514589062284
38 17 -0.05982129321020437
38 18 0.04242888697016652
38 19 -0.21130830942103956
38 20 0.0112861971227507
38 21 -0.0850769206342171
38 22 -0.1243371302982347
38 23 0.03773324580812538
38 24 -0.07057619481585561
38 25 -0.18123091281618006
38 26 0.0931039955446822
38 27 -0.008250195233682745
38 28 -0.10685265106045833
38 29 -0.005080517543416706
38 30 0.04498696217865845
38 31 0.010987047202221102
38 32 -0.056461469582069906
38 33 0.010752082758698716
38 34 0.008052416703611925
38 35 -0.06242086078887219
38 36 0.006540828615816452
38 37 0.0008950385440782811
38 38 0.02406230046435668
38 39 0.01846089251325904
38 40 -4.1693685165314646e-07
38 41 0.05480432311902151
38 42 -0.014637347235886895
38 43 -0.0311782320136005
38 44 -0.013419717704425982
38 45 -0.004095857236790569
38 46 0.009374305739409334
38 47 -0.040817408430093946
38 48 -0.029076201758249695
38 49 0.01058186008850735
38 50 0.02712980112833179
38 51 -0.03482925857187158
38 52 -0.04469583195542006
38 53 -0.06583856214327898
38 54 0.4011747548210279
38 55 0.014461916488979557
38 56 -0.23091672046874592
38 57 -0.005419619034385947
38 58 -0.0664710091527716
39 1 -0.33074059745790496
39 2 0.1583399078016697
39 3 -0.10398821115231958
39 4 0.05068642169941942
39 5 -0.6864351337978347
39 6 -0.06254255654218784
39 7 -0.05052122209189717
39 8 -0.10458527927545908
39 9 0.03296930847490507
39 10 0.01698019469419906
39 11 -0.033702078967189804
39 12 0.16369336889556366
39 13 0.034962920328195785
39 14 -0.048025427169268615
39 15 0.006216274238156999
39 16 -0.08931134441330338
39 17 -0.009091767845144346
39 18 -0.0065792233866293
39 19 0.0331151369982897
39 20 -0.0071010256725111956
39 21 -0.0432303720843326
39 22 -0.07261498597237312
39 23 -0.07971795228776649
39 24 0.020511391478342998
39 25 -0.04681417131666567
39 26 0.0024406062192633064
39 27 0.03091958806285924
39 28 -0.06252809188384223
39 29 0.014461419845909653
39 30 0.03316311022972838
39 31 0.08672651386988606
39 32 -0.058668003818220175
39 33 0.07769092446077468
39 34 0.020471770443981567
39 35 -0.054683534740821646
39 36 -0.07726365339896428
39 37 0.011272837606641231
39 38 0.003481730730099998
39 39 -0.039819311697462646
39 40 -0.03288766765222209
39 41 -0.16124298881908647
39 42 -0.06609395601867397
39 43 -0.0404856048838163
39 44 0.010906338709509826
39 45 0.043161555668859236
39 46 0.06552075693547642
39 47 0.054898000821724614
39 48 0.06794940835170003
39 49 -0.08796458732720752
39 50 0.0661428745580214
39 51 0.07291175644773834
39 52 -0.08765812315647217
39 53 -0.37141926027642613
39 54 0.03538849067096057
39 55 -0.18461062374934284
39 56 0.14918592940640446
39 57 0.05691123967073636
39 58 0.012524557426699712
40 1 -0.2921856097110756
40 2 0.2363007882461476
40 3 0.2408813184187642
40 4 -0.033647570253454155
40 5 0.10404519914037995
40 6 -0.13779635411607585
40 7 0.15981575516862037
40 8 -0.048910726993873596
40 9 0.2852786861736706
40 10 0.05059847248323746
40 11 -0.05584508225050166
40 12 0.06757744863850375
40 13 0.06473044943379513
40 14 -0.3493927171673734
40 15 -0.02540218004582029
40 16 0.05109268169641233
40 17 0.14278515505563447
40 18 0.014695459764107929
40 19 0.012645170663006036
40 20 0.009367553767322836
40 21 0.06806565936387995
40 22 0.02861401528984854
40 23 0.028609771893826713
40 24 -0.04412783513650511
40 25 -0.03802560396792737
40 26 -0.14237467159609604
40 27 -0.07125510609902501
40 28 -0.04396500712544529
40 29 0.03668004766022743
40 30 0.10928452107932456
40 31 -0.24521126183140574
40 32 0.11064428286451568
40 33 -0.1827461686555912
40 34 0.027676101229697617
40 35 0.07231671079359764
40 36 0.1515682095699938
40 37 -0.07681208836506215
40 38 -0.12512745800090339
40 39 0.26278256559281526
40 40 0.1818694088099784
40 41 0.12517294355414005
40 42 0.21031311931970004
40 43 0.09079595729509446
40 44 0.04266341736253708
40 45 0.20967481263263205
40 46 -0.011635739722196564
40 47 0.0076574419975156014
40 48 0.22665194887109752
40 49 -0.029412608027175047
40 50 0.06426191113460303
40 51 -0.09660026060299452
40 52 -0.04897847116241014
40 53 -0.05994448094901048
40 54 0.010477023197615036
40 55 -0.035242730049152377
40 56 0.01064565704694662
40 57 0.025762583519409424
40 58 0.0573486499660674
41 1 -0.16191112366167557
41 2 -0.037431644030026266
41 3 -0.0013480021565681556
41 4 0.03688932448570889
41 5 0.05759596111401588
41 6 0.6521254255159113
41 7 0.09861769724247511
41 8 -0.1906982448696408
41 9 0.08159645079948345
41 10 0.1569067580858703
41 11 -0.3286249414232933
41 12 0.051301047858493265
41 13 0.19881959023286222
41 14 0.03533136226892123
41 15 0.0035863854305094524
41 16 0.034618205102405236
41 17 -0.007533041654145367
41 18 0.05292262279086771
41 19 -0.0793341996282348
41 20 0.04345539481066869
41 21 0.005230579114787682
41 22 -0.046957614484469806
41 23 -0.0010857804083208183
41 24 0.015790851698460152
41 25 -0.1190845193968641
41 26 0.1099642381169943
41 27 0.03552523483584242
41 28 -0.011766979558938883
41 29 -0.02172444476847624
41 30 -0.02470141979224304
41 31 0.03221397671300205
41 32 -0.026459468660706385
41 33 -0.1451453868178071
41 34 -0.04146571831518992
41 35 0.04174870458279689
41 36 -0.17466760789198463
41 37 0.12615115796253332
41 38 -0.057572916283090525
41 39 -0.05667468426634502
41 40 0.01681332672890901
41 41 0.09869726377731332
41 42 -0.027188559726143355
41 43 0.06090797536663843
41 44 -0.06871611262975538
41 45 0.02507102514723602
41 46 0.04347304227336431
41 47 -0.028657335055690222
41 48 0.04237394276237125
41 49 0.008898274799119619
41 50 -0.08495988367681968
41 51 -0.01590007715849901
41 52 0.06708023563128764
41 53 0.0713124202699234
41 54 -0.08035022812283202
41 55 -0.34345428378359055
41 56 -0.15834808113801566
41 57 -0.0003800776548303026
41 58 4.228705886942452e-05
42 1 -0.27117955644888814
42 2 -0.16509284736406624
42 3 0.05488461044139075
42 4 -0.08597852981302109
42 5 0.03891838569120806
42 6 0.1239676171727385
42 7 0.052920212860491464
42 8 -0.04996321639299253
42 9 -0.04095911553573475
42 10 -0.016522827540182965
42 11 0.14403375345241615
42 12 -0.07707571283038933
42 13 -0.6055261335653661
42 14 -0.15247010591069127
42 15 0.03277099379289138
42 16 -0.16947513756524146
42 17 -0.08321246731004261
42 18 -0.08592440741645165
42 19 -0.04512858644016754
42 20 0.02959858918039439
42 21 0.009456894405805844
42 22 0.008416025978129155
42 23 -0.09631593775757219
42 24 0.03626287671490083
42 25 -0.0003614464485113984
42 26 0.003921988817599559
42 27 -0.051004709560334184
42 28 -0.0015049351334568612
42 29 0.004322639717432447
42 30 -0.1373018287704635
42 31 0.053541218716569965
42 32 0.029393636004731313
42 33 -0.09041773912802978
42 34 -0.029656953347295442
42 35 0.07665313797644152
42 36 0.07039758669972569
42 37 0.21011919812362445
42 38 0.05880356840434885
42 39 -0.1389184255765494
42 40 0.23088571238500988
42 41 0.20178761785371158
42 42 -0.15404011835925913
42 43 -0.17711712248494654
42 44 -0.27141696078652444
42 45 0.11449035890475323
42 46 0.0640281401640859
42 47 -0.0504087097157625
42 48 0.07545940471233936
42 49 0.05766659385267872
42 50 0.13305520206964325
42 51 0.05797584855023833
42 52 0.02851565653046773
42 53 -0.01557794698060488
42 54 -0.003807639512700625
42 55 0.013368724276539833
42 56 0.04592143022218068
42 57 0.04061127441638025
42 58 0.025735339484581177
43 1 -0.15941977188693995
43 2 -0.03909165225133425
43 3 -0.07258744106395568
43 4 0.08859072255808677
43 5 -0.0617158644716322
43 6 0.022597403634984012
43 7 0.0017769891841802777
43 8 -0.008923125643431347
43 9 0.02734058016422678
43 10 -0.028302213268312244
43 11 -0.015608009487397774
43 12 -0.09952154027714455
43 13 -0.04059582236692975
43 14 -0.021204316253696932
43 15 0.3094572864135423
43 16 -0.10147976807763251
43 17 0.02715994673499209
43 18 -0.01938411350959291
43 19 -0.3198891137853531
43 20 0.21337714571308428
43 21 -0.1686378413356369
43 22 0.5713093847795903
43 23 -0.01664758444788397
43 24 -0.0878338063994313
43 25 0.3436899019840479
43 26 0.10207108609752413
43 27 -0.11602632905782546
43 28 0.21399713356200764
43 29 0.12621815376257262
43 30 0.03186340422521036
43 31 -0.08061833223491578
43 32 0.1399158680637958
43 33 -0.1282306366362759
43 34 0.034801983877522986
43 35 -0.019321519506481515
43 36 -0.03998382118371614
43 37 0.06103204416811493
43 38 -0.11017719939535817
43 39 0.020902940309832564
43 40 -0.010047094909353722
43 41 -0.16706564012201214
43 42 -0.05901702145644591
43 43 0.005251943935527401
43 44 0.04424775334929583
43 45 -0.06137636033629096
43 46 -0.011294491364845248
43 47 0.04511778060072229
43 48 0.031881098299153365
43 49 0.050575248270336416
43 50 -0.08985989309367678
43 51 -0.017923576571425123
43 52 -0.017013485962640476
43 53 -0.033997030131555916
43 54 0.05765231772605931
43 55 -0.01774565396035907
43 56 -0.024507954628960212
43 57 -0.007292549228769932
43 58 -0.004249345115946677
44 1 -0.2519825256690093
44 2 0.1620549967006902
44 3 -0.5237312782080537
44 4 -0.2923592145015243
44 5 0.25228167660681466
44 6 -0.030575039323961623
44 7 -0.05965226613385437
44 8 -0.08412003457668303
44 9 -0.043923673492226645
44 10 -0.017719448347913547
44 11 0.014142027315140908
44 12 0.04990115564439823
44 13 -0.04571679663706215
44 14 0.03212825488502101
44 15 -0.11584920488588284
44 16 -0.06300673863917063
44 17 0.026757843640516813
44 18 -0.007018091006694513
44 19 0.04179164048243971
44 20 0.0733888613644753
44 21 0.1392436853615692
44 22 -0.012125442702209993
44 23 -0.03334973518234249
44 24 0.059159574628293785
44 25 0.002468049811797618
44 26 0.011898581879056035
44 27 -0.017571087194790936
44 28 0.04429687860596199
44 29 0.07120664130729473
44 30 -0.05830729836579262
44 31 0.17375181084346736
44 32 -0.009495712795103231
44 33 0.05290579713455994
44 34 -0.13949073796414851
44 35 0.016234620800567756
44 36 0.03326481139836582
44 37 -0.013315212468268816
44 38 -0.26052077401241286
44 39 0.10872532214620075
44 40 0.16174793738985196
44 41 -0.10526441711029844
44 42 -0.061050998093180486
44 43 0.04797482118499072
44 44 -0.08495107303517568
44 45 -0.057514476713247935
44 46 -0.13307484349455073
44 47 -0.009367434879118322
44 48 -0.12691151861085867
44 49 -0.05283587377340647
44 50 0.03658821341701243
44 51 -0.07911676304895862
44 52 -0.40761795499693804
44 53 0.03832804525136978
44 54 -0.04678715054441584
44 55 -0.04543136494078781
44 56 -0.05300834620199215
44 57 0.0024530140541118633
44 58 -0.017952883157991355
45 1 -0.18754484706524005
45 2 0.18249984655393064
45 3 0.0719880249957997
45 4 0.0324269246275212
45 5 -0.04372098875514878
45 6 -0.010415183971540476
45 7 -0.12766634772042743
45 8 0.006309743716925238
45 9 -0.10749773979001932
45 10 8.320377216777926e-05
45 11 -0.0017037970733868636
45 12 -0.664409410983779
45 13 0.13146091300306859
45 14 -0.05412856946634947
45 15 0.05655546331401997
45 16 -0.029895404877410423
45 17 0.06150113447374379
45 18 -0.025661549223168732
45 19 0.048042348395108535
45 20 0.12780774809852036
45 21 0.07278367209679797
45 22 -0.0924628559269351
45 23 0.02352745586249616
45 24 0.0708430205112823
45 25 0.032933541082621635
45 26 0.03540942595520755
45 27 -0.014041729644909611
45 28 0.06821776748683762
45 29 -0.08393433862537099
45 30 0.0036533713614465904
45 31 0.010055274424843434
45 32 -0.03953990785022615
45 33 0.1313781100320446
45 34 -0.0229782943291232
45 35 0.12189785688327737
45 36 0.05347390610430422
45 37 0.08548506402801703
45 38 0.1092509625209628
45 39 -0.006136303461340184
45 40 -0.009503508293601259
45 41 0.1372049937502225
45 42 -0.3225770750729855
45 43 0.38447183510188104
45 44 0.10749491462794766
45 45 -0.015185297188793453
45 46 0.0031206321227331526
45 47 0.06831058515137431
45 48 0.12859353968273565
45 49 -0.03547637012185518
45 50 0.04601595070831501
45 51 -0.07654718427379764
45 52 -0.024446432061428738
45 53 -0.012227675301402752
45 54 0.012269417614949808
45 55 0.00780187130418835
45 56 0.02095248343577958
45 57 0.03926350222316296
45 58 -0.02144692601674204
46 1 -0.2462916996753976
46 2 0.29317003645386597
46 3 0.20600492014678923
46 4 0.08091238210389685
46 5 0.1741676437630278
46 6 -0.0220039535921336
46 7 0.07934227242377556
46 8 -0.03417511838006805
46 9 -0.022777836223102345
46 10 -0.050227133954534674
46 11 0.03676767079531183
46 12 -0.035332581355672535
46 13 0.047794672299772196
46 14 -0.2800979030902013
46 15 -0.10981438927733837
46 16 -0.11066634261809585
46 17 0.1427040185027856
46 18 -0.0463819518023617
46 19 0.07229682714672991
46 20 0.19067014980086555
46 21 -0.012231969252272216
46 22 0.0890940030393792
46 23 -0.21719671090361012
46 24 0.18555393923715313
46 25 -0.14683947866972963
46 26 0.05746684897401005
46 27 -0.014357098162892748
46 28 0.2290945648508276
46 29 -0.14956038227246873
46 30 -0.050104877710980426
46 31 0.16258151173359486
46 32 -0.10572646532195734
46 33 0.14215066447450653
46 34 0.11888125005640798
46 35 -0.16943200526751076
46 36 0.06494249398241016
46 37 0.2333641461030366
46 38 -0.2269901319326434
46 39 -0.14503385417879727
46 40 -0.23340828138705663
46 41 0.03966024570405696
46 42 0.26148317625401457
46 43 -0.040471905702257525
46 44 0.06231800647946778
46 45 -0.12503974573702942
46 46 -0.021676838955197935
46 47 -0.06810762705918715
46 48 -0.004102671411896999
46 49 0.03585516275870885
46 50 0.06876647252791697
46 51 0.040463343664302376
46 52 0.04311121234182807
46 53 0.04383519859912258
46 54 0.04253501784694884
46 55 -0.013214573142852942
46 56 0.0549023113967647
46 57 0.013557882079736091
46 58 -0.00028619487473722306
47 1 -0.20278345677708032
47 2 -0.14016069558021224
47 3 0.01796586063362899
47 4 -0.03880643991006058
47 5 -0.005753060460380339
47 6 0.13776578679389118
47 7 -0.01567614736541548
47 8 0.13599917708446616
47 9 0.012990035881892991
47 10 -0.29608380268599316
47 11 0.12833037983693385
47 12 0.005894984313249371
47 13 -0.027867819590572898
47 14 0.08577634762650507
47 15 -0.0094900630919344
47 16 0.1275426582109473
47 17 0.21860637208269001
47 18 -0.0049206214813736476
47 19 0.3764334384674857
47 20 0.07192743402573346
47 21 0.013220090482057509
47 22 0.09640472746354171
47 23 0.14412075444848638
47 24 -0.20787909861595244
47 25 -0.08864038467534377
47 26 0.30821375048441857
47 27 -0.1435447712459172
47 28 -0.04941703835839803
47 29 0.08755244989905574
47 30 -0.02044176445638388
47 31 -0.016774279010738365
47 32 -0.37362988068616737
47 33 -0.1943720165882747
47 34 0.3033755299258939
47 35 -0.010497356967798313
47 36 0.13363210993548752
47 37 0.10853060123391385
47 38 0.03383022990259558
47 39 0.16433825773670463
47 40 -0.008167686097107076
47 41 -0.08057343429340554
47 42 -0.09028567381290532
47 43 -0.0068908969839346045
47 44 -0.04777502450702726
47 45 0.024826463704041644
47 46 -0.07410722850793602
47 47 -0.08917569069675209
47 48 -0.03807179776783901
47 49 -0.06225951039689539
47 50 -0.04480012773349125
47 51 -0.008073563121660942
47 52 0.026942097452376107
47 53 -0.03611049975643187
47 54 0.002425782606351663
47 55 -0.0087485710009473
47 56 -0.00047245157547046233
47 57 -0.02143449339523644
47 58 -0.005493474980475957
48 1 -0.2313577450935483
48 2 -0.10501260910947598
48 3 0.2338444452439418
48 4 -0.35029714104002674
48 5 -0.07125763221103837
48 6 -0.2136208579964001
48 7 0.4186041341423575
48 8 -0.1291288159346923
48 9 -0.5090417200208508
48 10 0.03289966035610642
48 11 -0.2187128589394408
48 12 0.06212040269212608
48 13 0.08678364914510399
48 14 0.012128500521903165
48 15 0.07379606328092381
48 16 0.08134603303023674
48 17 0.044000391681308856
48 18 -0.06984521468331749
48 19 0.015874430509790857
48 20 -0.01492389805306992
48 21 0.00995535438258533
48 22 0.0284081447542014
48 23 0.07016281204257949
48 24 -0.019394376721002204
48 25 0.034577415613096005
48 26 0.013380500511131072
48 27 0.04044069208560253
48 28 -0.04035477853960971
48 29 -0.04945871556817422
48 30 -0.00021534752915349482
48 31 -0.0560379438815263
48 32 0.0254639306854837
48 33 -0.002192772080924457
48 34 0.007697032712663319
48 35 0.014347162570075931
48 36 0.020179480119625712
48 37 0.010394910148091881
48 38 -0.05624973670917613
48 39 0.04904874958777358
48 40 0.016616480657284403
48 41 0.0044192213619616534
48 42 -0.008648666175085529
48 43 -0.032777387370748465
48 44 -0.05334219926029266
48 45 -0.0018374435981296643
48 46 0.02011007990377678
48 47 0.005136543081100346
48 48 0.03190881337141732
48 49 0.01524466950547948
48 50 -0.009203069920729282
48 51 0.056040960739279555
48 52 0.0036681237311162675
48 53 0.034274945036428445
48 54 -0.034677580548184615
48 55 -0.00047480514751003285
48 56 0.050343836574876455
48 57 0.07480322299773033
48 58 -0.3651765504139678
49 1 -0.2939594514892405
49 2 0.4261797321330308
49 3 0.27246213153189286
49 4 0.1883775928681615
49 5 0.12457973796178046
49 6 0.03505752704957195
49 7 -0.20794637237686828
49 8 -0.060774374427476914
49 9 -0.15285352900245985
49 10 -0.07191979173765752
49 11 0.04641493470551326
49 12 0.1628330009193969
49 13 -0.09304063744557409
49 14 0.3611124327738272
49 15 0.11486065494197255
49 16 0.042791797349323146
49 17 -0.2104780071090269
49 18 0.012076235838101124
49 19 -0.06436636159906861
49 20 -0.09100446412555882
49 21 0.04187750267247238
49 22 0.003960472490554898
49 23 0.10941079374287263
49 24 -0.05433132354112126
49 25 0.012022586147737761
49 26 0.05962812739687272
49 27 -0.04792594237940635
49 28 0.02355985836670818
49 29 -0.11030640907447681
49 30 0.11631362129259068
49 31 0.05626059132144483
49 32 0.03237345135746429
49 33 -0.03191448080776368
49 34 0.09345615540705345
49 35 0.04721816603327729
49 36 -0.012050449005386024
49 37 -0.02875510363443899
49 38 -0.014524164687124808
49 39 0.0612838082315888
49 40 0.027104462975923962
49 41 -0.015081644805144425
49 42 0.019551214488266567
49 43 0.03853511700442237
49 44 0.01702097755626741
49 45 0.09330326974885786
49 46 0.059960321183165084
49 47 0.06885545522983216
49 48 -0.08492810342530656
49 49 -0.02889116042552243
49 50 0.0901933628429145
49 51 -0.005165272256525683
49 52 -0.03752480412159456
49 53 0.24100383746385445
49 54 0.19400459899513645
49 55 -0.1297304018348247
49 56 0.2337168603924536
49 57 0.11492801324527098
49 58 0.04644690914749898
50 1 -0.11582898284885301
50 2 -0.04567646898270596
50 3 -0.00810603282832837
50 4 -0.049856012758870534
50 5 0.015022423810341282
50 6 0.026036352516415482
50 7 -0.06754082776755459
50 8 0.044134589271206635
50 9 -0.0023563411381356996
50 10 -0.11911875037219347
50 11 -0.03909599341611329
50 12 -0.06831561245458002
50 13 -0.0842997316616891
50 14 -0.12318147833562526
50 15 0.07494750793760166
50 16 -0.10882936355693532
50 17 -0.02447151814044883
50 18 0.2903136573615732
50 19 -0.028626955284007414
50 20 -0.10147067708682912
50 21 0.49571228042798404
50 22 0.2203992546064091
50 23 -0.19627700914303306
50 24 0.08892873502789093
50 25 0.16330122230699956
50 26 0.30906344791114204
50 27 0.277010474047067
50 28 -0.4404510722109331
50 29 -0.1798474552589591
50 30 -0.035052261312193383
50 31 -0.11690979710111274
50 32 -0.01569108654881735
50 33 0.058691845527640084
50 34 0.0037406950213943013
50 35 -0.13276236050699064
50 36 -0.027878351828439826
50 37 -0.06387311863727127
50 38 -0.014516472899072982
50 39 0.0028652179302727865
50 40 -0.010688905122895373
50 41 -0.0034135774029965013
50 42 0.024796575756259508
50 43 -0.029849303176851385
50 44 0.07992927208105367
50 45 0.013633972780344214
50 46 0.012845290448977042
50 47 0.014500792337108222
50 48 -0.009101551107755686
50 49 0.0031486518679067215
50 50 0.005821500976315347
50 51 -0.037504928008276976
50 52 0.022218116518319918
50 53 0.014496219358417566
50 54 -0.0006748498494335051
50 55 -0.009265704952758597
50 56 -0.0003942599277798827
50 57 -0.013347905946189866
50 58 0.0037551543939874864
51 1 -0.2643780116794045
51 2 -0.16091449411184586
51 3 0.31130152208055706
51 4 -0.37173771404460515
51 5 0.020932327260559255
51 6 -0.22110957992109326
51 7 -0.08611214265948926
51 8 -0.14268339644840028
51 9 0.42883216300805593
51 10 0.32457296844167854
51 11 -0.03467694663394681
51 12 -0.10033654828743988
51 13 -0.03899108490786883
51 14 0.2652431291315376
51 15 -0.03221246694110277
51 16 -0.03331747097842091
51 17 0.004722833527900018
51 18 -0.06897529322467494
51 19 0.02912661549469485
51 20 0.05569774779696701
51 21 -0.04296519629675754
51 22 0.022361684942072288
51 23 0.016088963999351308
51 24 -0.023444016745973614
51 25 0.033306214234940214
51 26 0.044523940394859046
51 27 0.07387755857964916
51 28 -0.04027909052631732
51 29 -0.03673794853260874
51 30 -0.010307030741919637
51 31 0.024328813539614705
51 32 -0.051301268193567846
51 33 0.01464316502010244
51 34 -0.016124334401964327
51 35 -0.04044577270299211
51 36 0.03493270129559592
51 37 0.01801301213597678
51 38 -0.0005913331481051626
51 39 -0.03903521923276177
51 40 -0.008788333687627818
51 41 0.001181425744761583
51 42 0.005572823695112522
51 43 0.033049165299501665
51 44 -0.016216880919976334
51 45 -0.0006585222146776714
51 46 0.020906013429029487
51 47 0.026932276095555614
51 48 0.03766594489901206
51 49 -0.0015063601562835247
51 50 -0.0017570741182915287
51 51 0.12165600212116659
51 52 -0.057685383146549626
51 53 0.04957163987533364
51 54 0.06228819057084362
51 55 -0.05392688977349491
51 56 0.09240956320307502
51 57 -0.37952528291975113
51 58 -0.0394417841983627
52 1 -0.21526385342351337
52 2 -0.2016053238500324
52 3 0.08182458515731814
52 4 -0.06093725615694412
52 5 -0.040487380435433054
52 6 0.09605289071103165
52 7 -0.13363523915973582
52 8 -0.06451616149151868
52 9 -0.18453448454629987
52 10 0.26639318649025434
52 11 0.5773849534272033
52 12 0.15995303191277221
52 13 0.24364593705404206
52 14 -0.09273992519996177
52 15 0.04819214057762748
52 16 0.1012698041610911
52 17 -0.041172568994618956
52 18 0.02693061538460433
52 19 -0.08759823403883844
52 20 0.08167210168437974
52 21 0.06645449008660227
52 22 -0.04885030477744988
52 23 -0.00469385008627355
52 24 0.0392199958059893
52 25 0.0040944725137699355
52 26 0.019323525088898882
52 27 -0.03840802551943963
52 28 0.0048065462877052234
52 29 -0.04391447657085248
52 30 0.01293773306230421
52 31 -0.06475546614318606
52 32 -0.10694150493486063
52 33 -0.07000454557072905
52 34 -0.022620938644489077
52 35 -0.003137360525901366
52 36 -0.10246555785561696
52 37 -0.07268198116574466
52 38 -0.025399505360686164
52 39 0.042251686735974084
52 40 -0.018897514219888365
52 41 -0.02853530852612031
52 42 -0.030961219992007245
52 43 0.1163923004668678
52 44 -0.017626612229125815
52 45 0.06634042469383523
52 46 -0.12404636700168534
52 47 -0.02228944296569162
52 48 -0.07376563244791792
52 49 0.42144805826614296
52 50 0.18221717713909116
52 51 0.016851338377277876
52 52 0.0152537822020544
52 53 -0.052468831571129845
52 54 -0.008949863206314135
52 55 -0.006684980544529385
52 56 -0.02311925414060876
52 57 -0.019024970072929782
52 58 0.0009091717307219049
53 1 -0.11302609813832551
53 2 -0.023030617808657113
53 3 -0.08268165075194842
53 4 -0.0034932179964417115
53 5 0.05424097685473008
53 6 -0.004423727232635538
53 7 0.0954345525809867
53 8 0.028610240757488144
53 9 0.03947993632311655
53 10 0.007695285787637546
53 11 0.09489834106671619
53 12 -0.01962090422418472
53 13 0.03753942383938691
53 14 -0.03966271489833459
53 15 0.38748114258739597
53 16 -0.24664711330482525
53 17 -0.2074625449836989
53 18 0.06739771268826647
53 19 0.2710076142771741
53 20 -0.175587373420119
53 21 -0.2709557376985313
53 22 -0.10008694567857165
53 23 -0.1758383379976216
53 24 -0.010216101695544384
53 25 -0.1956845479928819
53 26 0.09721036261647348
53 27 0.4968465956791521
53 28 0.23745717658917692
53 29 0.10437899296809024
53 30 -0.008659946805571356
53 31 -0.05885052700929248
53 32 0.08561725367191043
53 33 -0.08123090270890333
53 34 0.0864923424536992
53 35 -0.06872238482384646
53 36 0.045408776689463214
53 37 -0.10923856245001361
53 38 -0.15320581219172724
53 39 0.14350357310854142
53 40 -0.027850092311423866
53 41 0.033920768082390265
53 42 -0.12212704996742108
53 43 0.01429341018612134
53 44 -0.017735044412293934
53 45 0.011839403534792887
53 46 -0.004810286341561103
53 47 0.056827292335866
53 48 -0.021550327881487367
53 49 -0.009255834624017648
53 50 0.026905923887083502
53 51 -0.02086200507822847
53 52 0.0448630619188958
53 53 0.022938760722142015
53 54 0.002952498385844528
53 55 0.01576297545796519
53 56 -0.025068315300937047
53 57 -0.013206012428617011
53 58 -0.0014426970557224472
54 1 -0.24256175404543565
54 2 -0.22174209308089507
54 3 0.15460132757261114
54 4 -0.27858497006607774
54 5 -0.02631203976774695
54 6 0.05737468326191852
54 7 -0.36639209395501837
54 8 0.25825124857522747
54 9 0.043044595100075675
54 10 -0.32394083350248287
54 11 -0.07394494127543727
54 12 0.04135504176895412
54 13 0.1556852122919261
54 14 -0.15985795118760537
54 15 -0.019132141969188186
54 16 -0.012251189383921368
54 17 -0.06933365642043739
54 18 -0.2186641225641924
54 19 -0.08458218863127172
54 20 -0.02667678554558302
54 21 -0.1104800719843272
54 22 0.03531429530127541
54 23 0.11365589259484382
54 24 -0.010462742194824069
54 25 -0.0036163958246212538
54 26 0.050067764605554954
54 27 0.09782470878824939
54 28 -0.023568882714532394
54 29 -0.007701625375542329
54 30 -0.08180493270788691
54 31 0.12435048101598142
54 32 0.1179396455447645
54 33 0.04889399965139597
54 34 -0.05002246305935462
54 35 0.177694140261111
54 36 -0.05043691749623782
54 37 -0.05438771347259062
54 38 0.02945770248529887
54 39 -0.034256303904957305
54 40 -0.12147242981533721
54 41 0.09434127477483799
54 42 0.09320714563293775
54 43 -0.07542998682627336
54 44 -0.11848021893927214
54 45 -0.005853907263504002
54 46 -0.0327896911203631
54 47 -0.04443515732557881
54 48 -0.05268910864358538
54 49 0.015810389652536023
54 50 0.006691204114361402
54 51 -0.40126200882684426
54 52 0.03168156142290277
54 53 -0.06163846647927147
54 54 0.011327303163822449
54 55 -0.038411818677020065
54 56 0.1009967911064572
54 57 -0.056164980733964524
54 58 -0.05038956416988957
55 1 -0.13782250885948927
55 2 0.09403666850420851
55 3 -0.04838898992226464
55 4 -0.022366124987826887
55 5 -0.16964459518864083
55 6 -0.015870387296997284
55 7 -0.036492677365471876
55 8 -0.08089129214754154
55 9 0.037693931281626486
55 10 0.07170894752778706
55 11 -0.0004867912672494968
55 12 -0.08978745660953735
55 13 0.007575293253324697
55 14 -0.05656898582600063
55 15 -0.045021060917115205
55 16 0.3567041875113868
55 17 -0.125522404776558
55 18 0.13429534180172836
55 19 0.09519655411525514
55 20 -0.3699806017189216
55 21 -0.17145139965466588
55 22 0.1980305080655551
55 23 -0.11902327113474319
55 24 0.007535569248444807
55 25 -0.23282573695671496
55 26 0.10173323290121337
55 27 -0.3105589920986074
55 28 -0.029513240577375647
55 29 -0.15969804845073107
55 30 -0.4827844648937209
55 31 -0.07620344454657904
55 32 0.2378492357323245
55 33 -0.07012343400568952
55 34 -0.026907180526995735
55 35 -0.04927515473325214
55 36 0.07646622046321944
55 37 -0.058935454144348975
55 38 -0.053928200493168606
55 39 -0.06661007458452023
55 40 -0.03305624327104639
55 41 -0.0271821587965593
55 42 -0.05460301878839001
55 43 0.07065063295027757
55 44 0.02062746892812704
55 45 -0.030564102731598892
55 46 -0.005772775437783422
55 47 -0.02713775620371902
55 48 -0.023325790565439753
55 49 0.008472586957647386
55 50 -0.017178134669019924
55 51 -0.007352475324486528
55 52 -0.03266454411565903
55 53 0.016233276919433923
55 54 0.015197763505903152
55 55 0.022240733968392514
55 56 0.0063128872617261
55 57 -0.011040029975956243
55 58 -0.0013782459072606698
56 1 -0.16133899531016385
56 2 0.06265649577093782
56 3 -0.026477207832651423
56 4 -0.03270655578280595
56 5 -0.017917939459306607
56 6 0.02576588026407104
56 7 -0.026246576180411124
56 8 -0.05321287603907933
56 9 0.027847041210660638
56 10 0.004455676686150828
56 11 0.042723672400786346
56 12 -0.28897820973797883
56 13 -0.020454462925857158
56 14 -0.17359871698356155
56 15 -0.1392337832944882
56 16 0.49327668945632075
56 17 -0.09177296666176835
56 18 0.06840296707136931
56 19 -0.024020328978606276
56 20 -0.353750555452476
56 21 -0.08476956618658132
56 22 0.1357027649241044
56 23 -0.11407473602653231
56 24 -0.044193018874529776
56 25 0.08108498768618876
56 26 0.016001515343470225
56 27 0.13267450305488127
56 28 0.12687014072642563
56 29 0.15866017820678585
56 30 0.3257570994181388
56 31 -0.04905495041687524
56 32 -0.15229880547322217
56 33 0.27841947733528216
56 34 -0.04483540936068385
56 35 0.06461048207926247
56 36 -0.13597200064909853
56 37 0.20771019312781513
56 38 0.002015359049756844
56 39 0.11658436900498353
56 40 0.0645466293778448
56 41 -0.040745228652802834
56 42 0.05869886548669812
56 43 -0.11794530831265179
56 44 -0.11926144012367068
56 45 0.035323364550380494
56 46 0.03220192170372567
56 47 0.047186344383901596
56 48 -0.06521866345573055
56 49 0.005439922930664553
56 50 0.01915421404417251
56 51 0.01993137878325093
56 52 0.013022863730136152
56 53 0.020695992532799426
56 54 -0.01805577049754962
56 55 -0.011640605586935476
56 56 -0.010262601071665295
56 57 -0.02200118721420624
56 58 0.00508561176745378
57 1 -0.08505487997079358
57 2 0.04596539654618614
57 3 -0.024199175948455418
57 4 -0.015501613576017391
57 5 0.011562417108553578
57 6 -0.030749205270334944
57 7 0.06048871245419534
57 8 0.11265160870385578
57 9 0.04015817760850325
57 10 0.02232918290525187
57 11 -0.02029064115748179
57 12 0.06561125461135722
57 13 0.048532456625164366
57 14 -0.01780538747945274
57 15 0.1224305568632747
57 16 0.0447573492823261
57 17 0.30243534154723833
57 18 -0.20102468862691458
57 19 -0.2011711120467767
57 20 -0.3023464085123842
57 21 0.0604882915261711
57 22 -0.4282260084058368
57 23 -0.33200015378633274
57 24 -0.20741925753701532
57 25 0.36488021770394297
57 26 0.23738658751031652
57 27 -0.13300554416024513
57 28 0.10865537503267209
57 29 -0.05608148892034463
57 30 -0.05688469746230322
57 31 0.22342635024921334
57 32 0.07891370062339984
57 33 -0.10294263989747128
57 34 -0.011322028111655823
57 35 -0.1012453564096512
57 36 0.02167872576083748
57 37 0.054588379358282396
57 38 0.0244431127709923
57 39 0.12148957396627624
57 40 -0.08024315448896183
57 41 0.047595707394897026
57 42 -0.02457198541540663
57 43 -0.029096769258592982
57 44 0.043999372850543776
57 45 0.062412490579042725
57 46 -0.026554778144329876
57 47 0.04629077100183467
57 48 0.00998947275938772
57 49 0.002909087912633779
57 50 -0.01218218421543048
57 51 0.008394962594230837
57 52 0.013165631918486471
57 53 0.015732148026439578
57 54 -0.005715586225805982
57 55 0.01625681300531817
57 56 -0.017145586010314986
57 57 -0.016170022693417396
57 58 0.011394156052589947
58 1 -0.1540456550943651
58 2 0.05664257098801151
58 3 0.03319549553348121
58 4 -0.022085814817609253
58 5 0.03379208289060212
58 6 -0.10608612878425933
58 7 0.2762954421296137
58 8 0.02368991977994423
58 9 0.23848872678339655
58 10 -0.028962129504052008
58 11 0.025807362658326557
58 12 -0.08015088488064295
58 13 0.1355809179187609
58 14 -0.23422370522025782
58 15 0.23652784481676792
58 16 -0.10898700418611443
58 17 -0.21108557524950855
58 18 0.0287129840416366
58 19 0.04588501029301158
58 20 -0.15000184412943207
58 21 0.37029148427957853
58 22 -0.15209460702320934
58 23 0.3292081099433066
58 24 -0.19686951550726225
58 25 -0.024815103226087872
58 26 -0.03631708440831638
58 27 -0.22691812950843898
58 28 0.035077299544652975
58 29 0.06362999165364736
58 30 0.11016549672465298
58 31 -0.07871115712716115
58 32 0.09243852248055467
58 33 0.0238767846993256
58 34 -0.06305426332978765
58 35 0.04840702166766626
58 36 -0.06821718132682769
58 37 0.06544998222950843
58 38 -0.17366466213562376
58 39 -0.19039714313519407
58 40 -0.1792319973046911
58 41 -0.11302526858410368
58 42 -0.1584141520110596
58 43 -0.09345373895470563
58 44 -0.09677918358227491
58 45 -0.07722070767607758
58 46 -0.11438116306367055
58 47 -0.08333865791641153
58 48 -0.06704298685977253
58 49 -0.0541559125324463
58 50 0.03793454941093674
58 51 0.03797267970818566
58 52 0.06482081773287876
58 53 0.021825745463329636
58 54 0.011542625122604339
58 55 -0.004384202050003734
58 56 0.022431947055246693
58 57 -0.022194120949850606
58 58 0.029862149878664593
