%%MatrixMarket matrix coordinate real general
58 568 1495                                       
1 1 0.08346386140356969
1 2 0.08908982676613723
1 3 0.20653225454227744
1 4 0.08346386140356969
1 5 0.10326612727113872
1 6 0.1710752152360791
1 7 0.0700467193694781
1 8 0.2837428612504853
1 9 0.03897008619761599
1 10 0.10326612727113872
1 11 0.0700467193694781
1 12 0.37436493524629716
1 13 0.1710752152360791
1 14 0.07850140826145233
1 15 0.08908982676613723
1 16 0.1710752152360791
1 17 0.11266764601440617
1 18 0.07850140826145233
1 19 0.09558452713792924
1 20 0.14187143062524266
1 21 0.1710752152360791
1 22 0.14187143062524266
1 23 0.025056292181896752
1 24 0.12478831174876572
1 25 0.14187143062524266
1 26 0.1710752152360791
1 27 0.08908982676613723
1 28 0.032214504774138945
1 29 0.12478831174876572
1 30 0.11266764601440617
1 31 0.14187143062524266
1 32 0.027775439172988848
1 33 0.1710752152360791
1 34 0.04084293475864163
1 35 0.14187143062524266
1 36 0.2837428612504853
1 37 0.11266764601440617
1 38 0.14187143062524266
1 39 0.14187143062524266
1 40 0.08908982676613723
1 41 0.1710752152360791
1 42 0.09558452713792924
1 43 0.14187143062524266
1 44 0.11266764601440617
1 45 0.11266764601440617
1 46 0.1710752152360791
1 47 0.1710752152360791
1 48 0.06300837074210223
1 49 0.14187143062524266
2 4 0.10966565853000029
2 9 0.05120395934197276
2 23 0.03292221011871711
2 30 0.14803738273564188
2 32 0.0364949785049786
2 44 0.14803738273564188
2 50 0.22478083114692501
2 51 0.14803738273564188
2 52 0.1864091069412835
2 53 0.1356844466645764
2 54 0.16396308719296881
2 55 0.16396308719296881
2 56 0.16396308719296881
2 57 0.22478083114692501
2 58 0.1864091069412835
2 59 0.1864091069412835
2 60 0.22478083114692501
2 61 0.10314534323901263
2 62 0.1864091069412835
2 63 0.1356844466645764
2 64 0.1864091069412835
2 65 0.07129393432435871
2 66 0.16396308719296881
2 67 0.10314534323901263
2 68 0.22478083114692501
2 69 0.1864091069412835
2 70 0.11705778233038024
2 71 0.22478083114692501
2 72 0.1356844466645764
2 73 0.0973127224589348
2 74 0.16396308719296881
2 75 0.1864091069412835
2 76 0.22478083114692501
2 77 0.11705778233038024
2 78 0.0973127224589348
2 79 0.22478083114692501
2 80 0.06793783430165885
2 81 0.16396308719296881
2 82 0.10314534323901263
2 83 0.12559136298732723
3 2 0.12278536825651852
3 4 0.1150315510821446
3 9 0.05370934660500761
3 15 0.12278536825651852
3 23 0.034533079414029166
3 28 0.08879734029065339
3 32 0.03828066178975056
3 73 0.10207419126941424
3 84 0.17198572910465404
3 85 0.10207419126941424
3 86 0.19553002275026005
3 87 0.09148725743653861
3 88 0.1150315510821446
3 89 0.10819219962499037
3 90 0.19553002275026005
3 91 0.09148725743653861
3 92 0.06794296379093265
3 93 0.05370934660500761
3 94 0.14232342710347196
3 95 0.1552807869162023
3 96 0.14232342710347196
3 97 0.17198572910465404
3 98 0.17198572910465404
3 99 0.19553002275026005
3 100 0.06794296379093265
3 101 0.1552807869162023
3 102 0.1552807869162023
3 103 0.42697028131041587
3 104 0.23577925858431772
3 105 0.12278536825651852
3 106 0.12278536825651852
3 107 0.06480342228974449
3 108 0.17198572910465404
3 109 0.09653977951398914
3 110 0.10819219962499037
3 111 0.1150315510821446
3 112 0.06794296379093265
3 113 0.19553002275026005
3 114 0.10819219962499037
3 115 0.17198572910465404
3 116 0.19553002275026005
3 117 0.19553002275026005
3 118 0.23577925858431772
4 4 0.10073451937181332
4 5 0.12463434501008787
4 9 0.04703392386812199
4 15 0.10752463077176912
4 28 0.03888045197828675
4 32 0.03352283812874732
4 34 0.049294309338893436
4 65 0.06548777716339747
4 80 0.06240499694503115
4 87 0.08011649690730445
4 91 0.08011649690730445
4 93 0.04703392386812199
4 94 0.12463434501008787
4 95 0.13598126158022916
4 98 0.15060998132413614
4 105 0.10752463077176912
4 106 0.10752463077176912
4 109 0.08454105154730926
4 116 0.17122800378864503
4 119 0.20647474599706084
4 120 0.15060998132413614
4 121 0.4129494919941217
4 122 0.17122800378864503
4 123 0.17122800378864503
4 124 0.13598126158022916
4 125 0.08938760280167202
4 126 0.2719625231604583
4 127 0.20647474599706084
4 128 0.15060998132413614
4 129 0.08938760280167202
4 130 0.20647474599706084
4 131 0.11536323911572029
4 132 0.4129494919941217
4 133 0.17122800378864503
4 134 0.11536323911572029
4 135 0.20647474599706084
4 136 0.11536323911572029
4 137 0.15060998132413614
5 1 0.0986026762139047
5 19 0.11292180857615254
5 23 0.029601044375199375
5 32 0.03281339479647044
5 44 0.13310349213325737
5 51 0.13310349213325737
5 74 0.1474226244955052
5 78 0.17499178854585581
5 80 0.061084320908790506
5 82 0.09274012501904774
5 83 0.11292180857615254
5 100 0.05823930909969508
5 138 0.20210512397196265
5 139 0.22584361715230508
5 140 0.20210512397196265
5 141 0.13310349213325737
5 142 0.16760430805261003
5 143 0.10524908858576464
5 144 0.33520861610522007
5 145 0.20210512397196265
5 146 0.1474226244955052
5 147 0.20210512397196265
5 148 0.1474226244955052
5 149 0.12199671019228057
5 150 0.1474226244955052
5 151 0.12199671019228057
5 152 0.13310349213325737
5 153 0.1474226244955052
5 154 0.3659901305768417
5 155 0.10524908858576464
5 156 0.1474226244955052
5 157 0.12199671019228057
5 158 0.1474226244955052
5 159 0.20210512397196265
5 160 0.20210512397196265
5 161 0.16760430805261003
5 162 0.16760430805261003
6 2 0.11383634573991289
6 7 0.08950362632337502
6 9 0.04979482357229379
6 10 0.13195040324994098
6 11 0.08950362632337502
6 14 0.10030677773545077
6 23 0.03201618909043419
6 27 0.11383634573991289
6 32 0.03549063469473587
6 48 0.08051023261202322
6 65 0.06933192134120945
6 78 0.09463467099916571
6 92 0.06299104548467552
6 100 0.06299104548467552
6 105 0.11383634573991289
6 110 0.10030677773545077
6 111 0.1066476535919847
6 112 0.06299104548467552
6 143 0.11383634573991289
6 163 0.21859485034431045
6 164 0.21859485034431045
6 165 0.48854032715642143
6 166 0.21859485034431045
6 167 0.15945081403988062
6 168 0.21859485034431045
6 169 0.21859485034431045
6 170 0.21859485034431045
6 171 0.18127911809353522
6 172 0.18127911809353522
6 173 0.21859485034431045
6 174 0.14396338584275997
6 175 0.21859485034431045
6 176 0.18127911809353522
6 177 0.21859485034431045
6 178 0.18127911809353522
7 4 0.09331987862378903
7 9 0.04357195620672041
7 23 0.02801512062652775
7 29 0.13952421934751635
7 34 0.04566596428945903
7 54 0.13952421934751635
7 56 0.5580968773900654
7 67 0.08777142307535178
7 70 0.09961019872098488
7 73 0.08280816045921974
7 80 0.05781162978435524
7 82 0.08777142307535178
7 91 0.07421946135025508
7 92 0.05511904407672114
7 93 0.04357195620672041
7 95 0.12597225762241968
7 107 0.21028830596804138
7 112 0.05511904407672114
7 179 0.1912770156196809
7 180 0.1912770156196809
7 181 0.1912770156196809
7 182 0.1912770156196809
7 183 0.1586246366210503
7 184 0.1586246366210503
7 185 0.1586246366210503
7 186 0.1586246366210503
7 187 0.1912770156196809
7 188 0.13952421934751635
7 189 0.12597225762241968
7 190 0.1586246366210503
7 191 0.3825540312393618
7 192 0.1912770156196809
8 18 0.10231102183360284
8 23 0.03265590915201428
8 30 0.14683993888273827
8 32 0.07239955630352651
8 72 0.1345869231634803
8 88 0.10877859563916362
8 89 0.10231102183360284
8 92 0.06424967859002817
8 93 0.05078978107682562
8 96 0.1345869231634803
8 97 0.16263682360174522
8 100 0.06424967859002817
8 101 0.14683993888273827
8 102 0.14683993888273827
8 103 0.2691738463269606
8 107 0.061280798206886665
8 112 0.06424967859002817
8 114 0.20462204366720568
8 155 0.11611092607491434
8 157 0.1345869231634803
8 189 0.14683993888273827
8 193 0.2229626253698876
8 194 0.2229626253698876
8 195 0.18490128212631296
8 196 0.18490128212631296
8 197 0.11611092607491434
8 198 0.2229626253698876
8 199 0.2229626253698876
8 200 0.18490128212631296
8 201 0.2229626253698876
8 202 0.2229626253698876
8 203 0.2229626253698876
8 204 0.18490128212631296
8 205 0.2229626253698876
8 206 0.2229626253698876
8 207 0.2229626253698876
9 15 0.10158738003288352
9 28 0.036733567207984444
9 34 0.04657239648558242
9 53 0.1177523371232405
9 65 0.1237434001578277
9 66 0.1422936614587993
9 77 0.10158738003288352
9 87 0.07569265720615286
9 93 0.044436824047975346
9 107 0.0536155893903117
9 112 0.05621311220706864
9 124 0.1284727043315603
9 128 0.1422936614587993
9 129 0.16890366999383452
9 131 0.10899315933247607
9 136 0.10899315933247607
9 143 0.10158738003288352
9 148 0.1422936614587993
9 197 0.10158738003288352
9 208 0.1422936614587993
9 209 0.1422936614587993
9 210 0.1617732064578835
9 211 0.1950737085842067
9 212 0.1950737085842067
9 213 0.1950737085842067
9 214 0.1617732064578835
9 215 0.647092825831534
9 216 0.1617732064578835
9 217 0.1617732064578835
9 218 0.323546412915767
10 1 0.10674057256472343
10 11 0.08958160820796646
10 14 0.10039417208902528
10 27 0.11393552800928516
10 32 0.03552155664385157
10 40 0.11393552800928516
10 67 0.10039417208902528
10 82 0.10039417208902528
10 92 0.06304592773516146
10 100 0.06304592773516146
10 125 0.09471712341249636
10 149 0.2641307355327204
10 150 0.15958973885767005
10 151 0.1320653677663602
10 154 0.1320653677663602
10 157 0.1320653677663602
10 158 0.15958973885767005
10 162 0.36287412254490214
10 219 0.15958973885767005
10 220 0.21878530562631485
10 221 0.21878530562631485
10 222 0.18143706127245107
10 223 0.15958973885767005
10 224 0.21878530562631485
10 225 0.18143706127245107
10 226 0.18143706127245107
10 227 0.18143706127245107
10 228 0.21878530562631485
10 229 0.21878530562631485
10 230 0.21878530562631485
10 231 0.36287412254490214
11 2 0.09262855838067832
11 3 0.1073679548596564
11 12 0.2594900414474789
11 17 0.1171429107596582
11 19 0.0993812343526807
11 23 0.026051551646481985
11 28 0.033494095167667035
11 32 0.028878705710561448
11 37 0.1171429107596582
11 38 0.14750669713071693
11 39 0.14750669713071693
11 40 0.09262855838067832
11 42 0.0993812343526807
11 67 0.08161955794570323
11 82 0.08161955794570323
11 91 0.06901744798162197
11 92 0.0512557715746445
11 101 0.1171429107596582
11 125 0.07700416848859766
11 232 0.5336114505053269
11 233 0.17787048350177564
11 234 0.14750669713071693
11 235 0.14750669713071693
11 236 0.17787048350177564
11 237 0.14750669713071693
11 238 0.14750669713071693
11 239 0.12974502072373945
11 240 0.17787048350177564
11 241 0.17787048350177564
11 242 0.17787048350177564
11 243 0.17787048350177564
11 244 0.3557409670035513
11 245 0.14750669713071693
11 246 0.14750669713071693
11 247 0.14750669713071693
12 9 0.04996835920067463
12 51 0.14446510017436684
12 52 0.18191087825280186
12 55 0.16000650226659105
12 61 0.10065634820194527
12 63 0.26482050435200266
12 65 0.2087206320524906
12 67 0.10065634820194527
12 75 0.18191087825280186
12 80 0.06629842987392726
12 81 0.16000650226659105
12 83 0.12256072418815606
12 92 0.06321057012351029
12 128 0.16000650226659105
12 152 0.14446510017436684
12 197 0.11423306693246563
12 248 0.16000650226659105
12 249 0.2193566563312368
12 250 0.18191087825280186
12 251 0.18191087825280186
12 252 0.2193566563312368
12 253 0.18191087825280186
12 254 0.4800195067997732
12 255 0.16000650226659105
12 256 0.2193566563312368
12 257 0.14446510017436684
12 258 0.2193566563312368
12 259 0.2193566563312368
13 9 0.04507698931010046
13 23 0.028982800015033297
13 32 0.0321280576166844
13 63 0.11944869948430754
13 67 0.09080316433187141
13 82 0.09080316433187141
13 84 0.14434357076348248
13 88 0.09654327088705741
13 93 0.04507698931010046
13 94 0.11944869948430754
13 96 0.11944869948430754
13 98 0.14434357076348248
13 103 0.5972434974215377
13 106 0.10305086697554043
13 107 0.10877597135171198
13 112 0.05702292889585935
13 117 0.16410374175908155
13 165 0.11056333532747042
13 189 0.13032350632306947
13 200 0.16410374175908155
13 204 0.16410374175908155
13 257 0.13032350632306947
13 260 0.16410374175908155
13 261 0.19788397719509357
13 262 0.39576795439018714
13 263 0.16410374175908155
13 264 0.19788397719509357
13 265 0.14434357076348248
13 266 0.14434357076348248
13 267 0.13032350632306947
13 268 0.16410374175908155
14 9 0.05977413514649439
14 28 0.04941210938775314
14 32 0.04260326360225081
14 34 0.06264679758886058
14 35 0.21760901488943948
14 65 0.08322663559995956
14 83 0.14661200424560178
14 84 0.19140613067542842
14 88 0.12802076202978618
14 93 0.05977413514649439
14 94 0.1583944006759151
14 100 0.1512299872035283
14 107 0.1442418784346701
14 111 0.12802076202978618
14 114 0.12040912003159077
14 156 0.19140613067542842
14 184 0.21760901488943948
14 197 0.13665013000722168
14 246 0.21760901488943948
14 266 0.19140613067542842
14 269 0.19140613067542842
14 270 0.21760901488943948
14 271 0.17281488845961282
14 272 0.21760901488943948
14 273 0.21760901488943948
14 274 0.26240314131926606
14 275 0.17281488845961282
14 276 0.21760901488943948
14 277 0.26240314131926606
14 278 0.21760901488943948
14 279 0.17281488845961282
14 280 0.26240314131926606
15 2 0.13340307248303224
15 7 0.10488793075975426
15 9 0.05835379214887643
15 11 0.10488793075975426
15 14 0.11754797866890823
15 23 0.03751928231796846
15 27 0.13340307248303224
15 32 0.08318186396228729
15 45 0.1687084899963615
15 48 0.09434871022042822
15 61 0.11754797866890823
15 66 0.18685797022543255
15 67 0.11754797866890823
15 80 0.0774242912624551
15 92 0.07381824277611056
15 100 0.07381824277611056
15 115 0.18685797022543255
15 143 0.13340307248303224
15 165 0.42938470299790465
15 167 0.18685797022543255
15 174 0.1687084899963615
15 185 0.21243822588915923
15 190 0.21243822588915923
15 250 0.21243822588915923
15 275 0.1687084899963615
15 281 0.15463065943046567
15 282 0.18685797022543255
15 283 0.14312823433263486
15 284 0.18685797022543255
15 285 0.21243822588915923
15 286 0.21243822588915923
15 287 0.25616796178195683
15 288 0.25616796178195683
16 5 0.14849986568134776
16 9 0.056040181992511984
16 15 0.12811390973934056
16 17 0.16201953866095106
16 23 0.036031718452215
16 28 0.04632544822166272
16 32 0.03994193541895382
16 80 0.07435457428232935
16 85 0.10650392561176905
16 87 0.09545754846813581
16 93 0.056040181992511984
16 107 0.06761570952561721
16 109 0.1007293358690109
16 110 0.11288743841447794
16 111 0.12002359859137238
16 112 0.07089149834489926
16 122 0.20401547873052978
16 126 0.48605861598285316
16 129 0.10650392561176905
16 131 0.1374534885377145
16 136 0.1374534885377145
16 137 0.17944942860729318
16 289 0.2460114188001084
16 290 0.17944942860729318
16 291 0.17944942860729318
16 292 0.2460114188001084
16 293 0.2460114188001084
16 294 0.2460114188001084
16 295 0.2460114188001084
16 296 0.20401547873052978
16 297 0.20401547873052978
16 298 0.20401547873052978
17 2 0.09988312173493351
17 9 0.043691339460285486
17 37 0.1263174103142693
17 40 0.09988312173493351
17 45 0.1263174103142693
17 48 0.07064187902928272
17 51 0.1263174103142693
17 54 0.13990650319949235
17 55 0.13990650319949235
17 58 0.15905925390390896
17 59 0.15905925390390896
17 61 0.08801190890543616
17 64 0.15905925390390896
17 65 0.06083372313499
17 69 0.3181185078078179
17 73 0.08303504739471694
17 78 0.08303504739471694
17 81 0.13990650319949235
17 91 0.07442281602021307
17 115 0.13990650319949235
17 125 0.08303504739471694
17 188 0.13990650319949235
17 234 0.15905925390390896
17 248 0.13990650319949235
17 257 0.1263174103142693
17 283 0.10716465960985272
17 299 0.19180109749354857
17 300 0.38360219498709713
17 301 0.19180109749354857
17 302 0.19180109749354857
17 303 0.19180109749354857
17 304 0.15905925390390896
17 305 0.19180109749354857
17 306 0.19180109749354857
17 307 0.38360219498709713
18 9 0.05181067795678835
18 23 0.03331230725137228
18 28 0.042829141406734654
18 32 0.036927409572630715
18 63 0.13729217935927976
18 92 0.0655411253145563
18 100 0.0655411253145563
18 106 0.11844480662423508
18 107 0.18753770740000064
18 120 0.497717685303616
18 152 0.14979148606961332
18 266 0.16590589510120532
18 270 0.18861787900902702
18 271 0.14979148606961332
18 275 0.14979148606961332
18 276 0.18861787900902702
18 278 0.18861787900902702
18 279 0.14979148606961332
18 308 0.22744427194844066
18 309 0.16590589510120532
18 310 0.18861787900902702
18 311 0.22744427194844066
18 312 0.18861787900902702
18 313 0.18861787900902702
18 314 0.22744427194844066
18 315 0.22744427194844066
18 316 0.22744427194844066
18 317 0.22744427194844066
19 1 0.10281972186504541
19 4 0.10281972186504541
19 7 0.0862910495873678
19 11 0.0862910495873678
19 14 0.09670644070047414
19 15 0.10975038843227462
19 18 0.09670644070047414
19 23 0.030867023760797984
19 27 0.10975038843227462
19 32 0.034216760193221264
19 40 0.10975038843227462
19 48 0.07762045807523033
19 80 0.063696779107009
19 83 0.11775125580882162
19 86 0.17477241996929285
19 92 0.060730091648350436
19 99 0.17477241996929285
19 100 0.060730091648350436
19 125 0.09123792435369245
19 141 0.1387960709171691
19 146 0.15372760486094533
19 151 0.5088570936232647
19 153 0.15372760486094533
19 155 0.10975038843227462
19 222 0.17477241996929285
19 227 0.17477241996929285
19 318 0.17477241996929285
19 319 0.2107487690214165
19 320 0.12721427340581618
19 321 0.2107487690214165
19 322 0.2107487690214165
19 323 0.2107487690214165
19 324 0.17477241996929285
19 325 0.3495448399385857
19 326 0.17477241996929285
20 2 0.16579809053789904
20 3 0.09609024588038725
20 9 0.03626208577452266
20 12 0.3483506124167957
20 19 0.08894243405612016
20 20 0.13201289728226237
20 25 0.13201289728226237
20 28 0.029975944353314236
20 32 0.025845345904766663
20 34 0.03800479157245743
20 36 0.26402579456452474
20 37 0.2096769210655679
20 42 0.08894243405612016
20 43 0.13201289728226237
20 49 0.13201289728226237
20 70 0.08289904526894952
20 74 0.11611687080559857
20 80 0.04811283358634012
20 82 0.07304640757945641
20 89 0.07304640757945641
20 97 0.11611687080559857
20 141 0.10483846053278395
20 208 0.11611687080559857
20 235 0.5280515891290495
20 327 0.13201289728226237
20 328 0.15918733403174073
20 329 0.15918733403174073
20 330 0.15918733403174073
20 331 0.31837466806348147
20 332 0.13201289728226237
20 333 0.15918733403174073
20 334 0.15918733403174073
20 335 0.15918733403174073
21 7 0.1649813948168162
21 11 0.1649813948168162
21 18 0.18489476661632326
21 34 0.09619757221391091
21 48 0.14840393645468386
21 78 0.1744394128017061
21 80 0.12178300661151498
21 89 0.18489476661632326
21 134 0.22513072349527916
21 143 0.20983372263784236
21 219 0.29391454609818446
21 336 0.24322323540461147
21 337 0.29391454609818446
21 338 0.24322323540461147
21 339 0.40293432558004566
21 340 0.26536668037423505
21 341 0.26536668037423505
21 342 0.3341505029771404
22 9 0.06325441815306948
22 91 0.21549222261544992
22 95 0.18287684448984465
22 281 0.16761673973039096
22 336 0.16761673973039096
22 337 0.20255054125220032
22 340 0.5486305334695339
22 343 0.20255054125220032
22 344 0.27768127443432
22 345 0.23027905946208235
22 346 0.23027905946208235
22 347 0.23027905946208235
22 348 0.27768127443432
22 349 0.23027905946208235
22 350 0.27768127443432
22 351 0.18287684448984465
23 19 0.16567689976921907
23 44 0.19528711241126737
23 65 0.09404912670946908
23 70 0.15441961938349527
23 80 0.0896218457734988
23 208 0.21629589262011822
23 248 0.21629589262011822
23 283 0.16567689976921907
23 285 0.24590610526216655
23 304 0.24590610526216655
23 338 0.35798287295532083
23 341 0.39057422482253473
23 349 0.24590610526216655
23 352 0.29652509811306565
23 353 0.29652509811306565
23 354 0.21629589262011822
23 355 0.29652509811306565
24 28 0.051348235579178
24 30 0.17958633448692515
24 32 0.04427259720331621
24 77 0.14200452388044033
24 92 0.07857783350863694
24 94 0.16460080537151572
24 112 0.07857783350863694
24 271 0.17958633448692515
24 279 0.17958633448692515
24 356 0.2726849447256657
24 357 0.2726849447256657
24 358 0.2726849447256657
24 359 0.2726849447256657
24 360 0.19890604167683645
24 361 0.22613563960629546
24 362 0.2726849447256657
24 363 0.2726849447256657
24 364 0.19890604167683645
24 365 0.19890604167683645
24 366 0.2726849447256657
24 367 0.2726849447256657
24 368 0.2726849447256657
25 7 0.13627472535526325
25 11 0.13627472535526325
25 23 0.04874659893061385
25 32 0.054036654093042036
25 42 0.18595810483609615
25 48 0.12258173537965883
25 70 0.17332277348300015
25 176 0.2760085042988827
25 309 0.24277358117816333
25 320 0.20090252989789578
25 360 0.24277358117816333
25 369 0.33282398064094987
25 370 0.33282398064094987
25 371 0.33282398064094987
25 372 0.21919302795681547
25 373 0.2760085042988827
25 374 0.2760085042988827
25 375 0.33282398064094987
26 34 0.07543768331054754
26 61 0.14499360564697075
26 85 0.13679456640081442
26 93 0.07197849612260007
26 100 0.09105365573983061
26 109 0.12937763321768767
26 112 0.09105365573983061
26 124 0.20809930161988
26 129 0.13679456640081442
26 131 0.17654645363342536
26 139 0.17654645363342536
26 155 0.16455061756680978
26 376 0.31597920143416025
26 377 0.2620392515270202
26 378 0.2620392515270202
26 379 0.31597920143416025
26 380 0.23048640354056552
26 381 0.5240785030540404
26 382 0.31597920143416025
27 18 0.14345862539553061
27 23 0.0457895127429041
27 48 0.11514563184610475
27 73 0.13534638558626996
27 91 0.12130852537007965
27 100 0.09008971279380601
27 107 0.0859268035480951
27 108 0.22804635057352884
27 112 0.09008971279380601
27 188 0.22804635057352884
27 282 0.22804635057352884
27 383 0.2592651631498025
27 384 0.3126340757515271
27 385 0.3126340757515271
27 386 0.6252681515030541
27 387 0.3126340757515271
28 15 0.18768301479688873
28 28 0.0678653848106625
28 65 0.11430816699535508
28 87 0.13984243020973372
28 93 0.08209717686018926
28 105 0.18768301479688873
28 107 0.09905497566359625
28 124 0.23735373882318367
28 129 0.15602503964783987
28 131 0.20136521612364802
28 183 0.298876524737098
28 388 0.3603993106510123
28 389 0.3603993106510123
28 390 0.298876524737098
28 391 0.23735373882318367
28 392 0.3603993106510123
28 393 0.3603993106510123
29 23 0.06022698173310594
29 70 0.214142273337888
29 87 0.15955719779232655
29 92 0.11849506932379718
29 93 0.09367110873879152
29 107 0.11301959155434084
29 111 0.20061932626085596
29 112 0.11849506932379718
29 129 0.17802120625556156
29 136 0.22975337005620156
29 269 0.29994954232007653
29 273 0.341011670788606
29 394 0.29994954232007653
29 395 0.341011670788606
29 396 0.4112078430524809
29 397 0.4112078430524809
30 9 0.08105250248933897
30 19 0.1988028736837448
30 34 0.08494777390046489
30 80 0.10754112679215619
30 93 0.16210500497867794
30 105 0.18529477633485092
30 186 0.2950733653912734
30 225 0.2950733653912734
30 255 0.2595427912929788
30 398 0.3558132830005073
30 399 0.3558132830005073
30 400 0.3558132830005073
30 401 0.3558132830005073
30 402 0.3558132830005073
31 3 0.22468970351350961
31 5 0.22468970351350961
31 23 0.05451827245071596
31 28 0.07009333764914802
31 32 0.060434678414444686
31 253 0.30868834269852935
31 283 0.20797583516141777
31 336 0.22468970351350961
31 338 0.22468970351350961
31 340 0.24514582513657598
31 341 0.24514582513657598
31 347 0.30868834269852935
31 351 0.24514582513657598
31 403 0.30868834269852935
31 404 0.37223086026048263
31 405 0.37223086026048263
32 23 0.0581174177215629
32 29 0.2894432419618532
32 85 0.17178567661085115
32 88 0.1935922546972269
32 89 0.18208197376298352
32 93 0.09039010088765312
32 107 0.10906086647661915
32 109 0.16247154287905025
32 197 0.206641534961432
32 364 0.2894432419618532
32 406 0.3968045101607229
32 407 0.3968045101607229
32 408 0.32906709167289094
32 409 0.32906709167289094
32 410 0.32906709167289094
33 1 0.20193477001966317
33 7 0.16947296624719158
33 14 0.1899284739157548
33 24 0.3019162858076356
33 28 0.07794066202387401
33 77 0.21554638590375735
33 134 0.2312598432476845
33 149 0.24984491863477087
33 151 0.24984491863477087
33 231 0.34324765513956534
33 318 0.34324765513956534
33 360 0.3019162858076356
33 372 0.2725912125796143
33 411 0.4139040976995164
34 4 0.15621722338505892
34 23 0.04689723584743302
34 92 0.09226913009624364
34 165 0.17890317050946422
34 245 0.26553721092268484
34 283 0.35780634101892844
34 336 0.1932806294933228
34 338 0.1932806294933228
34 412 0.3201972046914977
34 413 0.3201972046914977
34 414 0.3201972046914977
34 415 0.3201972046914977
34 416 0.3201972046914977
34 417 0.3201972046914977
34 418 0.21087721715387187
35 28 0.07036221507941694
35 34 0.08920824268790735
35 53 0.2255516112513177
35 93 0.08511760791993626
35 361 0.3098724684816987
35 365 0.2725598947500404
35 418 0.2460862023780452
35 419 0.37365873458535215
35 420 0.37365873458535215
35 421 0.37365873458535215
35 422 0.37365873458535215
35 423 0.37365873458535215
36 34 0.08163367708042221
36 91 0.1326766583213954
36 93 0.07789037323718032
36 100 0.09853225077257896
36 114 0.15690250101378656
36 424 0.34193181659383465
36 425 0.34193181659383465
36 426 0.34193181659383465
36 427 0.34193181659383465
36 428 0.34193181659383465
36 429 0.34193181659383465
36 430 0.34193181659383465
36 431 0.34193181659383465
37 9 0.026545387991861798
37 10 0.07034214399548991
37 23 0.017067680944636763
37 28 0.021943665299039457
37 32 0.01891989167672026
37 34 0.027821122704131104
37 48 0.04291962916383022
37 72 0.07034214399548991
37 77 0.060685624497785744
37 80 0.07044127813710077
37 85 0.05044930133165095
37 87 0.04521679928122292
37 88 0.056853366272314666
37 93 0.0796361639755854
37 96 0.07034214399548991
37 102 0.4604772536169217
37 103 0.14068428799097982
37 107 0.03202854059150565
37 109 0.04771396536797005
37 113 0.09663905159999257
37 114 0.05347307495397014
37 129 0.05044930133165095
37 197 0.060685624497785744
37 238 0.09663905159999257
37 247 0.09663905159999257
37 265 0.08500248460890082
37 267 0.4604772536169217
37 364 0.08500248460890082
37 383 0.09663905159999257
37 390 0.09663905159999257
37 418 0.07674620893615362
37 432 0.09663905159999257
37 433 0.11653189426383151
37 434 0.3495956827914945
37 435 0.09663905159999257
37 436 0.09663905159999257
37 437 0.11653189426383151
37 438 0.09663905159999257
37 439 0.11653189426383151
37 440 0.11653189426383151
37 441 0.11653189426383151
37 442 0.28991715479997776
37 443 0.09663905159999257
37 444 0.11653189426383151
37 445 0.11653189426383151
37 446 0.09663905159999257
37 447 0.09663905159999257
37 448 0.11653189426383151
37 449 0.11653189426383151
37 450 0.11653189426383151
37 451 0.11653189426383151
37 452 0.11653189426383151
38 9 0.029511140732769118
38 18 0.059447292345635276
38 23 0.018974547838351282
38 28 0.02439529589965946
38 32 0.042067389340221
38 34 0.030929405428805977
38 40 0.06746565563702386
38 48 0.047714775042669105
38 67 0.059447292345635276
38 70 0.13493131127404773
38 73 0.05608569111608632
38 88 0.06320524279804554
38 90 0.10743593775773981
38 91 0.05026859383191684
38 93 0.059022281465538236
38 96 0.07820103859593346
38 100 0.03733194486578815
38 102 0.511923541667356
38 103 0.3910051929796673
38 105 0.06746565563702386
38 106 0.06746565563702386
38 108 0.0944992887916111
38 112 0.03733194486578815
38 114 0.059447292345635276
38 123 0.10743593775773981
38 143 0.06746565563702386
38 154 0.07820103859593346
38 157 0.07820103859593346
38 197 0.06746565563702386
38 209 0.0944992887916111
38 255 0.0944992887916111
38 260 0.10743593775773981
38 265 0.0944992887916111
38 267 0.17064118055578534
38 332 0.10743593775773981
38 343 0.0944992887916111
38 345 0.10743593775773981
38 394 0.1889985775832222
38 418 0.08532059027789267
38 432 0.10743593775773981
38 435 0.21487187551547962
38 436 0.10743593775773981
38 438 0.10743593775773981
38 442 0.10743593775773981
38 443 0.10743593775773981
38 446 0.10743593775773981
38 447 0.10743593775773981
38 453 0.1295512852375869
38 454 0.1295512852375869
38 455 0.10743593775773981
38 456 0.10743593775773981
38 457 0.1295512852375869
38 458 0.1295512852375869
38 459 0.1295512852375869
38 460 0.1295512852375869
38 461 0.1295512852375869
38 462 0.1295512852375869
38 463 0.1295512852375869
38 464 0.1295512852375869
39 8 0.17546860574381776
39 9 0.04819875756997836
39 27 0.11018756644462094
39 28 0.03984335826130712
39 32 0.03435305871046464
39 40 0.11018756644462094
39 48 0.0779296502162648
39 77 0.11018756644462094
39 78 0.1832027202016788
39 85 0.0916013601008394
39 91 0.08210064766482927
39 92 0.06097200296306819
39 109 0.1732695600590342
39 110 0.09709165965168187
39 133 0.17546860574381776
39 148 0.15433996104205663
39 157 0.12772101678945308
39 165 0.7093218261206578
39 167 0.15433996104205663
39 171 0.17546860574381776
39 172 0.17546860574381776
39 178 0.17546860574381776
39 209 0.15433996104205663
39 239 0.15433996104205663
39 281 0.12772101678945308
39 465 0.17546860574381776
39 466 0.2115882624324314
40 7 0.1204327124290255
40 11 0.1204327124290255
40 23 0.043079779582009786
40 32 0.04775486287753293
40 34 0.07022206694077167
40 45 0.19371171604677137
40 61 0.13496902655150653
40 78 0.1273368531134192
40 80 0.08889885935484741
40 100 0.08475838106325267
40 105 0.15317390427214017
40 125 0.1273368531134192
40 134 0.16434037129913895
40 139 0.3286807425982779
40 141 0.19371171604677137
40 149 0.17754749860167307
40 150 0.2145510167873928
40 154 0.17754749860167307
40 155 0.15317390427214017
40 223 0.2145510167873928
40 226 0.24392236153502525
40 290 0.2145510167873928
40 467 0.24392236153502525
40 468 0.24392236153502525
40 469 0.29413300702327905
40 470 0.29413300702327905
40 471 0.29413300702327905
41 1 0.12741099559130473
41 23 0.03824945406354697
41 28 0.04917675814095915
41 32 0.0848006861533698
41 92 0.07525483729107432
41 100 0.07525483729107432
41 107 0.07177742518453886
41 120 0.5714833739068418
41 152 0.1719917663551836
41 271 0.1719917663551836
41 275 0.1719917663551836
41 279 0.1719917663551836
41 310 0.2165725371190625
41 312 0.2165725371190625
41 313 0.2165725371190625
41 351 0.1719917663551836
41 472 0.26115330788294133
41 473 0.26115330788294133
41 474 0.26115330788294133
41 475 0.26115330788294133
41 476 0.26115330788294133
42 23 0.05215441300362462
42 28 0.06705415847248053
42 34 0.08501414623594322
42 65 0.1129417885979638
42 83 0.19895820454670132
42 87 0.13817082895236216
42 89 0.1633998693067605
42 93 0.08111583132821926
42 100 0.10261249371242133
42 107 0.097870925718098
42 112 0.10261249371242133
42 114 0.1633998693067605
42 129 0.15416000017401482
42 156 0.2597455801410405
42 174 0.23451653978664216
42 272 0.2953039153809814
42 391 0.23451653978664216
42 394 0.2597455801410405
42 395 0.2953039153809814
42 477 0.3560912909753205
42 478 0.3560912909753205
42 479 0.3560912909753205
43 9 0.056466625378009304
43 23 0.03630590542762671
43 32 0.04024587758255439
43 42 0.1384994546448244
43 63 0.1496298903032434
43 80 0.0749203828728226
43 89 0.11374646669929013
43 100 0.07143095431171279
43 107 0.06813023804886076
43 110 0.11374646669929013
43 174 0.16325244259035873
43 263 0.2055679549779361
43 267 0.16325244259035873
43 268 0.2055679549779361
43 281 0.1496298903032434
43 282 0.18081496703240177
43 346 0.2055679549779361
43 480 0.2478834673655134
43 481 0.2478834673655134
43 482 0.2478834673655134
43 483 0.4957669347310268
43 484 0.2478834673655134
43 485 0.2478834673655134
43 486 0.2478834673655134
43 487 0.2478834673655134
44 3 0.18867003035451765
44 4 0.15249075065215337
44 5 0.18867003035451765
44 23 0.04577852904387313
44 28 0.058856778637918675
44 32 0.050746484741492515
44 53 0.18867003035451765
44 65 0.09913463984801325
44 72 0.18867003035451765
44 73 0.13531391955037753
44 91 0.12127942664740846
44 283 0.17463553745154856
44 286 0.2592029722604336
44 336 0.18867003035451765
44 338 0.18867003035451765
44 340 0.2058468614562935
44 341 0.411693722912587
44 391 0.2058468614562935
44 403 0.2592029722604336
44 488 0.3125590830645737
44 489 0.3125590830645737
44 490 0.3125590830645737
45 7 0.11217152119705558
45 10 0.16536846676619288
45 11 0.11217152119705558
45 18 0.12571070365695305
45 23 0.04012468299587391
45 42 0.15306729434975752
45 65 0.08689108367810329
45 77 0.14266680126484604
45 110 0.12571070365695305
45 143 0.14266680126484604
45 284 0.19983369503198686
45 291 0.19983369503198686
45 320 0.16536846676619288
45 372 0.36084777008512403
45 373 0.22719028572479139
45 374 0.22719028572479139
45 491 0.2739566864070207
45 492 0.2739566864070207
45 493 0.2739566864070207
45 494 0.2739566864070207
45 495 0.22719028572479139
45 496 0.2739566864070207
45 497 0.2739566864070207
46 1 0.1563272482172131
46 14 0.14703260702678175
46 28 0.06033754968118488
46 32 0.052023209817036155
46 34 0.07649854071645594
46 53 0.1934167583295539
46 65 0.10162875705029228
46 78 0.13871826716263305
46 89 0.14703260702678175
46 125 0.13871826716263305
46 144 0.26572423055105476
46 149 0.1934167583295539
46 154 0.1934167583295539
46 158 0.23372766437237866
46 320 0.1934167583295539
46 325 0.26572423055105476
46 372 0.21102573938413394
46 468 0.26572423055105476
46 498 0.32042272171797553
46 499 0.32042272171797553
46 500 0.32042272171797553
46 501 0.32042272171797553
47 28 0.051920379140381966
47 56 0.2011223361560204
47 65 0.17490281343865546
47 67 0.1265213576482012
47 87 0.10698638218376445
47 92 0.0794533806620732
47 100 0.0794533806620732
47 106 0.14358679780053923
47 107 0.07578196022233712
47 111 0.13451938370545571
47 112 0.0794533806620732
47 126 0.18158736069158368
47 189 0.18158736069158368
47 196 0.2286553376777117
47 257 0.18158736069158368
47 502 0.27572331466383965
47 503 0.5514466293276793
47 504 0.27572331466383965
47 505 0.27572331466383965
47 506 0.27572331466383965
47 507 0.27572331466383965
48 23 0.03950625740563261
48 34 0.06439705771559255
48 61 0.1237731751756266
48 78 0.11677410017257285
48 85 0.11677410017257285
48 87 0.10466252077580265
48 93 0.06144413727562797
48 109 0.11044266668593863
48 112 0.0777275662052805
48 125 0.11677410017257285
48 129 0.11677410017257285
48 139 0.15070812974614875
48 210 0.22368869328701704
48 214 0.22368869328701704
48 215 0.6710660798610512
48 217 0.22368869328701704
48 218 0.22368869328701704
48 508 0.2697343022573631
48 509 0.2697343022573631
48 510 0.2697343022573631
49 1 0.14254527203910342
49 7 0.11963056225843326
49 11 0.11963056225843326
49 14 0.13407005628429805
49 24 0.21312198532870025
49 27 0.1521536791940528
49 28 0.05501812723989587
49 48 0.10760999068501655
49 92 0.08419384217296504
49 111 0.14254527203910342
49 125 0.12648871745004778
49 134 0.16324577121736725
49 142 0.24229770026176947
49 146 0.21312198532870025
49 151 0.5290947946841424
49 153 0.21312198532870025
49 281 0.17636493156138083
49 320 0.17636493156138083
49 324 0.24229770026176947
49 326 0.24229770026176947
49 511 0.2921739143731025
49 512 0.2921739143731025
50 9 0.06263592153691558
50 18 0.12617390742909118
50 28 0.05177779651683188
50 32 0.04464296588594998
50 34 0.06564611748372629
50 80 0.0831058557461687
50 87 0.10669257849225733
50 106 0.14319248283835065
50 110 0.12617390742909118
50 298 0.22802740932906326
50 391 0.18108868940451667
50 513 0.2749661292536098
50 514 0.2749661292536098
50 515 0.2749661292536098
50 516 0.2749661292536098
50 517 0.2749661292536098
50 518 0.2749661292536098
50 519 0.2749661292536098
50 520 0.2749661292536098
50 521 0.2749661292536098
50 522 0.2749661292536098
50 523 0.2749661292536098
51 23 0.045886943116846234
51 34 0.07479787553518932
51 85 0.135634373996049
51 93 0.0713680266667944
51 109 0.1282803458666252
51 112 0.09028140460007447
51 114 0.14376387493151038
51 129 0.271268747992098
51 131 0.17504911452133215
51 134 0.17504911452133215
51 139 0.17504911452133215
51 290 0.22853158485276806
51 291 0.22853158485276806
51 377 0.2598168244425899
51 378 0.2598168244425899
51 380 0.22853158485276806
51 381 0.5196336488851798
51 524 0.3132992947740258
51 525 0.3132992947740258
52 23 0.05500954549820572
52 28 0.07072496015014997
52 85 0.16259930953467944
52 88 0.1832397646070251
52 92 0.10822989496910831
52 93 0.08555642288149899
52 107 0.10322875536662754
52 109 0.153783256045335
52 111 0.1832397646070251
52 112 0.10822989496910831
52 136 0.20984993934247637
52 365 0.27396504889688605
52 408 0.3114699837158445
52 409 0.3114699837158445
52 410 0.3114699837158445
52 526 0.3755850932702541
52 527 0.3755850932702541
52 528 0.3755850932702541
53 28 0.048803023816349676
53 31 0.21492662563670845
53 34 0.0618745727035278
53 62 0.21492662563670845
53 72 0.15644192899967635
53 89 0.11892487945604459
53 93 0.05903732055363521
53 101 0.1706846605379824
53 107 0.07123192994374528
53 254 0.18904673509573952
53 337 0.18904673509573952
53 343 0.18904673509573952
53 465 0.21492662563670845
53 529 0.2591685907354344
53 530 0.2591685907354344
53 531 0.5183371814708688
53 532 0.2591685907354344
53 533 0.2591685907354344
53 534 0.2591685907354344
53 535 0.2591685907354344
54 9 0.07756453614884591
54 17 0.2242492782226485
54 23 0.04987106445809373
54 32 0.055283148332249774
54 82 0.1562461342259803
54 87 0.1321216349694628
54 93 0.07756453614884591
54 110 0.1562461342259803
54 112 0.0981200629711287
54 114 0.1562461342259803
54 126 0.448498556445297
54 136 0.1902477062243144
54 137 0.24837377747916597
54 216 0.2823753494775001
54 296 0.2823753494775001
54 297 0.2823753494775001
54 380 0.24837377747916597
54 536 0.3405014207323516
54 537 0.3405014207323516
55 7 0.09636681496276342
55 11 0.09636681496276342
55 34 0.056189691278207866
55 48 0.0866838027400198
55 65 0.07464833224479413
55 85 0.10189131104352679
55 155 0.1225653810530622
55 165 0.13150046887160444
55 327 0.19517970329846088
55 351 0.1550025796139053
55 354 0.17167759255616002
55 538 0.2353568269830164
55 539 0.2353568269830164
55 540 0.2353568269830164
55 541 0.2353568269830164
55 542 0.2353568269830164
55 543 0.4707136539660328
55 544 0.2353568269830164
55 545 0.2353568269830164
55 546 0.2353568269830164
55 547 0.2353568269830164
55 548 0.2353568269830164
55 549 0.2353568269830164
56 9 0.056523145625411296
56 14 0.11386032118228621
56 28 0.04672468865902984
56 32 0.04028616167856064
56 65 0.07870011389375069
56 73 0.10742179420181702
56 109 0.10159743808176483
56 110 0.11386032118228621
56 155 0.12921801677598282
56 223 0.18099595370554258
56 269 0.18099595370554258
56 284 0.18099595370554258
56 309 0.18099595370554258
56 342 0.20577371814503692
56 354 0.5429878611166278
56 455 0.20577371814503692
56 495 0.20577371814503692
56 550 0.24813158622879897
56 551 0.24813158622879897
56 552 0.49626317245759793
57 22 0.21848028513509365
57 23 0.038586386534647354
57 61 0.12089121809008448
57 73 0.11405511082029499
57 82 0.12089121809008448
57 91 0.1022255396374217
57 125 0.11405511082029499
57 219 0.19217248893764483
57 237 0.21848028513509365
57 239 0.19217248893764483
57 553 0.2634537597852052
57 554 0.2634537597852052
57 555 0.2634537597852052
57 556 0.2634537597852052
57 557 0.2634537597852052
57 558 0.2634537597852052
57 559 0.2634537597852052
57 560 0.2634537597852052
57 561 0.2634537597852052
57 562 0.2634537597852052
57 563 0.2634537597852052
58 10 0.18547723759968598
58 18 0.14099709882398875
58 34 0.0733583694351852
58 61 0.14099709882398875
58 73 0.1330240524148472
58 78 0.1330240524148472
58 80 0.09286931659844136
58 139 0.17168024520050193
58 161 0.25481657676185393
58 195 0.25481657676185393
58 251 0.25481657676185393
58 254 0.22413343038534073
58 456 0.25481657676185393
58 467 0.25481657676185393
58 564 0.3072697619466927
58 565 0.3072697619466927
58 566 0.3072697619466927
58 567 0.3072697619466927
58 568 0.3072697619466927
